0.1                                       0
0.15                                   14480
0.2                                   27512
0.25                                   53576
0.3                                   99912
0.35                                  157832
0.4                                  218648
0.45                                  237472
0.5                                  240368
0.55                                  236118
0.6                                  169416
0.65                                  166520
0.7                                  162176
0.75                                  169416
0.8                                  169416
0.85                                  170864
0.9                                  172312
0.95                                  173760
1                                  175208
1.05                                  176656
1.1                                  178104
1.15                                  181000
1.2                                  182448
1.25                                  183896
1.3                                  185344
1.35                                  188240
1.4                                  189688
1.45                                  191136
1.5                                  192584
1.55                                  194032
1.6                                  195480
1.65                                  196928
1.7                                  198376
1.75                                  199824
1.8                                  186792
1.85                                  140456
1.9                                  139008
1.95                                  140456
2                                  140456
2.05                                  141904
2.1                                  141904
2.15                                  143352
2.2                                  144800
2.25                                  144800
2.3                                  146248
2.35                                  147696
2.4                                  149144
2.45                                  149144
2.5                                  150592
2.55                                  150592
2.6                                  152040
2.65                                  153488
2.7                                  153488
2.75                                  154936
2.8                                  154936
2.85                                  156384
2.9                                  157832
2.95                                  157832
3                                  157832
3.05                                  159280
3.1                                  159280
3.15                                  160728
3.2                                  160728
3.25                                  160728
3.3                                  162176
3.35                                  163624
3.4                                  163624
3.45                                  163624
3.5                                  165072
3.55                                  165072
3.6                                  165072
3.65                                  166520
3.7                                  166520
3.75                                  166520
3.8                                  167968
3.85                                  167968
3.9                                  167968
3.95                                  167968
4                                  167968
4.05                                  169416
4.1                                  169416
4.15                                  169416
4.2                                  169416
4.25                                  169416
4.3                                  169416
4.35                                  169416
4.4                                  170864
4.45                                  170864
4.5                                  170864
4.55                                  170864
4.6                                  170864
4.65                                  170864
4.7                                  170864
4.75                                  170864
4.8                                  170864
4.85                                  170864
4.9                                  170864
4.95                                  170864
5                                  170864
5.05                                  170864
5.1                                  170864
5.15                                  170864
5.2                                  170864
5.25                                  170864
5.3                                  170864
5.35                                  170864
5.4                                  170864
5.45                                  170864
5.5                                  170864
5.55                                  170864
5.6                                  170864
5.65                                  170864
5.7                                  170864
5.75                                  170864
5.8                                  170864
5.85                                  170864
5.9                                  170864
5.95                                  170864
6                                  170864
6.05                                  170864
6.1                                  170864
6.15                                  170864
6.2                                  170864
6.25                                  170864
6.3                                  170864
6.35                                  170864
6.4                                  170864
6.45                                  170864
6.5                                  170864
6.55                                  170864
6.6                                  170864
6.65                                  170864
6.7                                  170864
6.75                                  170864
6.8                                  170864
6.85                                  170864
6.9                                  170864
6.95                                  170864
7                                  170864
7.05                                  170864
7.1                                  172312
7.15                                  172312
7.2                                  172312
7.25                                  172312
7.3                                  172312
7.35                                  172312
7.4                                  172312
7.45                                  172312
7.5                                  173760
7.55                                  173760
7.6                                  173760
7.65                                  173760
7.7                                  175208
7.75                                  175208
7.8                                  175208
7.85                                  175208
7.9                                  176656
7.95                                  176656
8                                  176656
8.05                                  176656
8.1                                  178104
8.15                                  178104
8.2                                  178104
8.25                                  179552
8.3                                  179552
8.35                                  181000
8.4                                  181000
8.45                                  181000
8.5                                  182448
8.55                                  182448
8.6                                  183896
8.65                                  183896
8.7                                  185344
8.75                                  185344
8.8                                  186792
8.85                                  188240
8.9                                  188240
8.95                                  189688
9                                  189688
9.05                                  191136
9.1                                  192584
9.15                                  192584
9.2                                  194032
9.25                                  195480
9.3                                  196928
9.35                                  196928
9.4                                  198376
9.45                                  199824
9.5                                  175208
9.55                                  139008
9.6                                  137560
9.65                                  139008
9.7                                  139008
9.75                                  143352
9.8                                  144800
9.85                                  146248
9.9                                  147696
9.95                                  150592
10                                  152040
10.05                                  153488
10.1                                  154936
10.15                                  156384
10.2                                  157832
10.25                                  159280
10.3                                  160728
10.35                                  162176
10.4                                  163624
10.45                                  165072
10.5                                  166520
10.55                                  167968
10.6                                  169416
10.65                                  170864
10.7                                  170864
10.75                                  172312
10.8                                  173760
10.85                                  175208
10.9                                  176656
10.95                                  176656
11                                  178104
11.05                                  179552
11.1                                  179552
11.15                                  181000
11.2                                  182448
11.25                                  182448
11.3                                  182448
11.35                                  183896
11.4                                  183896
11.45                                  183896
11.5                                  185344
11.55                                  186792
11.6                                  186792
11.65                                  186792
11.7                                  188240
11.75                                  188240
11.8                                  189688
11.85                                  189688
11.9                                  189688
11.95                                  191136
12                                  191136
12.05                                  192584
12.1                                  192584
12.15                                  192584
12.2                                  194032
12.25                                  194032
12.3                                  194032
12.35                                  195480
12.4                                  195480
12.45                                  195480
12.5                                  196928
12.55                                  196928
12.6                                  196928
12.65                                  196928
12.7                                  163624
12.75                                  137560
12.8                                  137560
12.85                                  140456
12.9                                  140456
12.95                                  141904
13                                  143352
13.05                                  143352
13.1                                  144800
13.15                                  144800
13.2                                  146248
13.25                                  146248
13.3                                  147696
13.35                                  147696
13.4                                  149144
13.45                                  150592
13.5                                  150592
13.55                                  152040
13.6                                  152040
13.65                                  153488
13.7                                  153488
13.75                                  154936
13.8                                  154936
13.85                                  156384
13.9                                  156384
13.95                                  156384
14                                  157832
14.05                                  157832
14.1                                  159280
14.15                                  159280
14.2                                  159280
14.25                                  160728
14.3                                  160728
14.35                                  162176
14.4                                  162176
14.45                                  162176
14.5                                  162176
14.55                                  163624
14.6                                  163624
14.65                                  163624
14.7                                  163624
14.75                                  163624
14.8                                  165072
14.85                                  165072
14.9                                  165072
14.95                                  165072
15                                  165072
15.05                                  165072
15.1                                  165072
15.15                                  166520
15.2                                  166520
15.25                                  166520
15.3                                  166520
15.35                                  166520
15.4                                  166520
15.45                                  166520
15.5                                  166520
15.55                                  166520
15.6                                  166520
15.65                                  166520
15.7                                  166520
15.75                                  166520
15.8                                  166520
15.85                                  166520
15.9                                  166520
15.95                                  166520
16                                  166520
16.05                                  166520
16.1                                  166520
16.15                                  166520
16.2                                  166520
16.25                                  166520
16.3                                  166520
16.35                                  166520
16.4                                  166520
16.45                                  166520
16.5                                  166520
16.55                                  166520
16.6                                  166520
16.65                                  166520
16.7                                  166520
16.75                                  166520
16.8                                  166520
16.85                                  166520
16.9                                  166520
16.95                                  166520
17                                  166520
17.05                                  166520
17.1                                  166520
17.15                                  166520
17.2                                  166520
17.25                                  166520
17.3                                  166520
17.35                                  166520
17.4                                  166520
17.45                                  166520
17.5                                  166520
17.55                                  166520
17.6                                  166520
17.65                                  166520
17.7                                  166520
17.75                                  166520
17.8                                  166520
17.85                                  167968
17.9                                  167968
17.95                                  167968
18                                  167968
18.05                                  167968
18.1                                  167968
18.15                                  167968
18.2                                  169416
18.25                                  169416
18.3                                  169416
18.35                                  169416
18.4                                  169416
18.45                                  170864
18.5                                  170864
18.55                                  170864
18.6                                  170864
18.65                                  172312
18.7                                  172312
18.75                                  172312
18.8                                  173760
18.85                                  173760
18.9                                  173760
18.95                                  175208
19                                  175208
19.05                                  175208
19.1                                  176656
19.15                                  176656
19.2                                  178104
19.25                                  178104
19.3                                  179552
19.35                                  179552
19.4                                  181000
19.45                                  181000
19.5                                  182448
19.55                                  182448
19.6                                  183896
19.65                                  183896
19.7                                  185344
19.75                                  186792
19.8                                  186792
19.85                                  188240
19.9                                  189688
19.95                                  189688
20                                  191136
20.05                                  192584
20.1                                  194032
20.15                                  195480
20.2                                  195480
20.25                                  196928
20.3                                  198376
20.35                                  199824
20.4                                  188820
20.45                                  139008
20.5                                  137560
20.55                                  139008
20.6                                  139008
20.65                                  143352
20.7                                  144800
20.75                                  146248
20.8                                  147696
20.85                                  150592
20.9                                  152040
20.95                                  153488
21                                  154936
21.05                                  156384
21.1                                  157832
21.15                                  159280
21.2                                  160728
21.25                                  162176
21.3                                  163624
21.35                                  165072
21.4                                  166520
21.45                                  167968
21.5                                  169416
21.55                                  170864
21.6                                  172312
21.65                                  172312
21.7                                  173760
21.75                                  175208
21.8                                  176656
21.85                                  176656
21.9                                  178104
21.95                                  178104
22                                  179552
22.05                                  179552
22.1                                  181000
22.15                                  181000
22.2                                  182448
22.25                                  182448
22.3                                  183896
22.35                                  183896
22.4                                  185344
22.45                                  186792
22.5                                  186792
22.55                                  186792
22.6                                  188240
22.65                                  188240
22.7                                  189688
22.75                                  189688
22.8                                  189688
22.85                                  191136
22.9                                  191136
22.95                                  192584
23                                  192584
23.05                                  192584
23.1                                  194032
23.15                                  194032
23.2                                  194032
23.25                                  195480
23.3                                  195480
23.35                                  195480
23.4                                  196928
23.45                                  196928
23.5                                  196928
23.55                                  196928
23.6                                  162176
23.65                                  137560
23.7                                  137560
23.75                                  140456
23.8                                  140456
23.85                                  141904
23.9                                  143352
23.95                                  143352
24                                  144800
24.05                                  144800
24.1                                  146248
24.15                                  146248
24.2                                  147696
24.25                                  147696
24.3                                  149144
24.35                                  150592
24.4                                  150592
24.45                                  152040
24.5                                  152040
24.55                                  153488
24.6                                  153488
24.65                                  154936
24.7                                  154936
24.75                                  156384
24.8                                  156384
24.85                                  156384
24.9                                  157832
24.95                                  157832
25                                  159280
25.05                                  159280
25.1                                  159280
25.15                                  160728
25.2                                  160728
25.25                                  162176
25.3                                  162176
25.35                                  162176
25.4                                  162176
25.45                                  163624
25.5                                  163624
25.55                                  163624
25.6                                  163624
25.65                                  163624
25.7                                  165072
25.75                                  165072
25.8                                  165072
25.85                                  165072
25.9                                  165072
25.95                                  165072
26                                  165072
26.05                                  166520
26.1                                  166520
26.15                                  166520
26.2                                  166520
26.25                                  166520
26.3                                  166520
26.35                                  166520
26.4                                  166520
26.45                                  166520
26.5                                  166520
26.55                                  166520
26.6                                  166520
26.65                                  166520
26.7                                  166520
26.75                                  166520
26.8                                  166520
26.85                                  166520
26.9                                  166520
26.95                                  166520
27                                  166520
27.05                                  166520
27.1                                  166520
27.15                                  166520
27.2                                  166520
27.25                                  166520
27.3                                  166520
27.35                                  166520
27.4                                  166520
27.45                                  166520
27.5                                  166520
27.55                                  166520
27.6                                  166520
27.65                                  166520
27.7                                  166520
27.75                                  166520
27.8                                  166520
27.85                                  166520
27.9                                  166520
27.95                                  166520
28                                  166520
28.05                                  166520
28.1                                  166520
28.15                                  166520
28.2                                  166520
28.25                                  166520
28.3                                  166520
28.35                                  166520
28.4                                  166520
28.45                                  166520
28.5                                  166520
28.55                                  166520
28.6                                  166520
28.65                                  166520
28.7                                  166520
28.75                                  167968
28.8                                  167968
28.85                                  167968
28.9                                  167968
28.95                                  167968
29                                  167968
29.05                                  167968
29.1                                  169416
29.15                                  169416
29.2                                  169416
29.25                                  169416
29.3                                  169416
29.35                                  170864
29.4                                  170864
29.45                                  170864
29.5                                  170864
29.55                                  172312
29.6                                  172312
29.65                                  172312
29.7                                  173760
29.75                                  173760
29.8                                  173760
29.85                                  175208
29.9                                  175208
29.95                                  175208
30                                  176656
30.05                                  176656
30.1                                  178104
30.15                                  178104
30.2                                  179552
30.25                                  179552
30.3                                  181000
30.35                                  181000
30.4                                  182448
30.45                                  182448
30.5                                  183896
30.55                                  183896
30.6                                  185344
30.65                                  186792
30.7                                  186792
30.75                                  188240
30.8                                  189688
30.85                                  189688
30.9                                  191136
30.95                                  192584
31                                  194032
31.05                                  195480
31.1                                  195480
31.15                                  196928
31.2                                  198376
31.25                                  199824
31.3                                  186792
31.35                                  139008
31.4                                  137560
31.45                                  139008
31.5                                  139008
31.55                                  143352
31.6                                  144800
31.65                                  146248
31.7                                  147696
31.75                                  150592
31.8                                  152040
31.85                                  153488
31.9                                  154936
31.95                                  156384
32                                  157832
32.05                                  159280
32.1                                  160728
32.15                                  162176
32.2                                  163624
32.25                                  165072
32.3                                  166520
32.35                                  167968
32.4                                  169416
32.45                                  170864
32.5                                  172312
32.55                                  172312
32.6                                  173760
32.65                                  175208
32.7                                  176656
32.75                                  176656
32.8                                  178104
32.85                                  178104
32.9                                  179552
32.95                                  179552
33                                  181000
33.05                                  181000
33.1                                  182448
33.15                                  182448
33.2                                  183896
33.25                                  183896
33.3                                  185344
33.35                                  186792
33.4                                  186792
33.45                                  186792
33.5                                  188240
33.55                                  188240
33.6                                  189688
33.65                                  189688
33.7                                  189688
33.75                                  191136
33.8                                  191136
33.85                                  192584
33.9                                  192584
33.95                                  192584
34                                  194032
34.05                                  194032
34.1                                  194032
34.15                                  195480
34.2                                  195480
34.25                                  195480
34.3                                  196928
34.35                                  196928
34.4                                  196928
34.45                                  196928
34.5                                  162176
34.55                                  137560
34.6                                  137560
34.65                                  140456
34.7                                  140456
34.75                                  141904
34.8                                  143352
34.85                                  143352
34.9                                  144800
34.95                                  144800
35                                  146248
35.05                                  146248
35.1                                  147696
35.15                                  147696
35.2                                  149144
35.25                                  150592
35.3                                  150592
35.35                                  152040
35.4                                  152040
35.45                                  153488
35.5                                  153488
35.55                                  154936
35.6                                  154936
35.65                                  156384
35.7                                  156384
35.75                                  156384
35.8                                  157832
35.85                                  157832
35.9                                  159280
35.95                                  159280
36                                  159280
36.05                                  160728
36.1                                  160728
36.15                                  162176
36.2                                  162176
36.25                                  162176
36.3                                  162176
36.35                                  163624
36.4                                  163624
36.45                                  163624
36.5                                  163624
36.55                                  163624
36.6                                  165072
36.65                                  165072
36.7                                  165072
36.75                                  165072
36.8                                  165072
36.85                                  165072
36.9                                  165072
36.95                                  166520
37                                  166520
37.05                                  166520
37.1                                  166520
37.15                                  166520
37.2                                  166520
37.25                                  166520
37.3                                  166520
37.35                                  166520
37.4                                  166520
37.45                                  166520
37.5                                  166520
37.55                                  166520
37.6                                  166520
37.65                                  166520
37.7                                  166520
37.75                                  166520
37.8                                  166520
37.85                                  166520
37.9                                  166520
37.95                                  166520
38                                  166520
38.05                                  166520
38.1                                  166520
38.15                                  166520
38.2                                  166520
38.25                                  166520
38.3                                  166520
38.35                                  166520
38.4                                  166520
38.45                                  166520
38.5                                  166520
38.55                                  166520
38.6                                  166520
38.65                                  166520
38.7                                  166520
38.75                                  166520
38.8                                  166520
38.85                                  166520
38.9                                  166520
38.95                                  166520
39                                  166520
39.05                                  166520
39.1                                  166520
39.15                                  166520
39.2                                  166520
39.25                                  166520
39.3                                  166520
39.35                                  166520
39.4                                  166520
39.45                                  166520
39.5                                  166520
39.55                                  166520
39.6                                  166520
39.65                                  167968
39.7                                  167968
39.75                                  167968
39.8                                  167968
39.85                                  167968
39.9                                  167968
39.95                                  167968
40                                  169416
40.05                                  169416
40.1                                  169416
40.15                                  169416
40.2                                  169416
40.25                                  170864
40.3                                  170864
40.35                                  170864
40.4                                  170864
40.45                                  172312
40.5                                  172312
40.55                                  172312
40.6                                  173760
40.65                                  173760
40.7                                  173760
40.75                                  175208
40.8                                  175208
40.85                                  175208
40.9                                  176656
40.95                                  176656
41                                  178104
41.05                                  178104
41.1                                  179552
41.15                                  179552
41.2                                  181000
41.25                                  181000
41.3                                  182448
41.35                                  182448
41.4                                  183896
41.45                                  183896
41.5                                  185344
41.55                                  186792
41.6                                  186792
41.65                                  188240
41.7                                  189688
41.75                                  189688
41.8                                  191136
41.85                                  192584
41.9                                  194032
41.95                                  195480
42                                  195480
42.05                                  196928
42.1                                  198376
42.15                                  199824
42.2                                  186792
42.25                                  139008
42.3                                  137560
42.35                                  139008
42.4                                  139008
42.45                                  143352
42.5                                  144800
42.55                                  146248
42.6                                  147696
42.65                                  150592
42.7                                  152040
42.75                                  153488
42.8                                  154936
42.85                                  156384
42.9                                  157832
42.95                                  159280
43                                  160728
43.05                                  162176
43.1                                  163624
43.15                                  165072
43.2                                  166520
43.25                                  167968
43.3                                  169416
43.35                                  170864
43.4                                  172312
43.45                                  172312
43.5                                  173760
43.55                                  175208
43.6                                  176656
43.65                                  176656
43.7                                  178104
43.75                                  178104
43.8                                  179552
43.85                                  179552
43.9                                  181000
43.95                                  181000
44                                  182448
44.05                                  182448
44.1                                  183896
44.15                                  183896
44.2                                  185344
44.25                                  186792
44.3                                  186792
44.35                                  186792
44.4                                  188240
44.45                                  188240
44.5                                  189688
44.55                                  189688
44.6                                  189688
44.65                                  191136
44.7                                  191136
44.75                                  192584
44.8                                  192584
44.85                                  192584
44.9                                  194032
44.95                                  194032
45                                  194032
45.05                                  195480
45.1                                  195480
45.15                                  195480
45.2                                  196928
45.25                                  196928
45.3                                  196928
45.35                                  196928
45.4                                  160728
45.45                                  137560
45.5                                  137560
45.55                                  140456
45.6                                  140456
45.65                                  141904
45.7                                  143352
45.75                                  143352
45.8                                  144800
45.85                                  144800
45.9                                  146248
45.95                                  146248
46                                  147696
46.05                                  147696
46.1                                  149144
46.15                                  150592
46.2                                  150592
46.25                                  152040
46.3                                  152040
46.35                                  153488
46.4                                  153488
46.45                                  154936
46.5                                  154936
46.55                                  156384
46.6                                  156384
46.65                                  156384
46.7                                  157832
46.75                                  157832
46.8                                  159280
46.85                                  159280
46.9                                  159280
46.95                                  160728
47                                  160728
47.05                                  162176
47.1                                  162176
47.15                                  162176
47.2                                  162176
47.25                                  163624
47.3                                  163624
47.35                                  163624
47.4                                  163624
47.45                                  163624
47.5                                  165072
47.55                                  165072
47.6                                  165072
47.65                                  165072
47.7                                  165072
47.75                                  165072
47.8                                  165072
47.85                                  166520
47.9                                  166520
47.95                                  166520
48                                  166520
48.05                                  166520
48.1                                  166520
48.15                                  166520
48.2                                  166520
48.25                                  166520
48.3                                  166520
48.35                                  166520
48.4                                  166520
48.45                                  166520
48.5                                  166520
48.55                                  166520
48.6                                  166520
48.65                                  166520
48.7                                  166520
48.75                                  166520
48.8                                  166520
48.85                                  166520
48.9                                  166520
48.95                                  166520
49                                  166520
49.05                                  166520
49.1                                  166520
49.15                                  166520
49.2                                  166520
49.25                                  166520
49.3                                  166520
49.35                                  166520
49.4                                  166520
49.45                                  166520
49.5                                  166520
49.55                                  166520
49.6                                  166520
49.65                                  166520
49.7                                  166520
49.75                                  166520
49.8                                  166520
49.85                                  166520
49.9                                  166520
49.95                                  166520
50                                  166520
50.05                                  166520
50.1                                  166520
50.15                                  166520
50.2                                  166520
50.25                                  166520
50.3                                  166520
50.35                                  166520
50.4                                  166520
50.45                                  166520
50.5                                  166520
50.55                                  167968
50.6                                  167968
50.65                                  167968
50.7                                  167968
50.75                                  167968
50.8                                  167968
50.85                                  167968
50.9                                  169416
50.95                                  169416
51                                  169416
51.05                                  169416
51.1                                  169416
51.15                                  170864
51.2                                  170864
51.25                                  170864
51.3                                  170864
51.35                                  172312
51.4                                  172312
51.45                                  172312
51.5                                  173760
51.55                                  173760
51.6                                  173760
51.65                                  175208
51.7                                  175208
51.75                                  175208
51.8                                  176656
51.85                                  176656
51.9                                  178104
51.95                                  178104
52                                  179552
52.05                                  179552
52.1                                  181000
52.15                                  181000
52.2                                  182448
52.25                                  182448
52.3                                  183896
52.35                                  183896
52.4                                  185344
52.45                                  186792
52.5                                  186792
52.55                                  188240
52.6                                  189688
52.65                                  189688
52.7                                  191136
52.75                                  192584
52.8                                  194032
52.85                                  195480
52.9                                  195480
52.95                                  196928
53                                  198376
53.05                                  199824
53.1                                  185344
53.15                                  139008
53.2                                  137560
53.25                                  139008
53.3                                  139008
53.35                                  143352
53.4                                  144800
53.45                                  146248
53.5                                  149144
53.55                                  150592
53.6                                  152040
53.65                                  153488
53.7                                  154936
53.75                                  156384
53.8                                  157832
53.85                                  159280
53.9                                  160728
53.95                                  162176
54                                  163624
54.05                                  165072
54.1                                  166520
54.15                                  167968
54.2                                  169416
54.25                                  170864
54.3                                  172312
54.35                                  172312
54.4                                  173760
54.45                                  175208
54.5                                  176656
54.55                                  176656
54.6                                  178104
54.65                                  178104
54.7                                  179552
54.75                                  179552
54.8                                  181000
54.85                                  181000
54.9                                  182448
54.95                                  182448
55                                  183896
55.05                                  183896
55.1                                  185344
55.15                                  186792
55.2                                  186792
55.25                                  186792
55.3                                  188240
55.35                                  188240
55.4                                  189688
55.45                                  189688
55.5                                  189688
55.55                                  191136
55.6                                  191136
55.65                                  192584
55.7                                  192584
55.75                                  192584
55.8                                  194032
55.85                                  194032
55.9                                  194032
55.95                                  195480
56                                  195480
56.05                                  195480
56.1                                  196928
56.15                                  196928
56.2                                  196928
56.25                                  196928
56.3                                  162176
56.35                                  137560
56.4                                  137560
56.45                                  140456
56.5                                  140456
56.55                                  141904
56.6                                  143352
56.65                                  143352
56.7                                  144800
56.75                                  144800
56.8                                  146248
56.85                                  146248
56.9                                  147696
56.95                                  147696
57                                  149144
57.05                                  150592
57.1                                  150592
57.15                                  152040
57.2                                  152040
57.25                                  153488
57.3                                  153488
57.35                                  154936
57.4                                  154936
57.45                                  156384
57.5                                  156384
57.55                                  156384
57.6                                  157832
57.65                                  157832
57.7                                  159280
57.75                                  159280
57.8                                  159280
57.85                                  160728
57.9                                  160728
57.95                                  162176
58                                  162176
58.05                                  162176
58.1                                  162176
58.15                                  163624
58.2                                  163624
58.25                                  163624
58.3                                  163624
58.35                                  163624
58.4                                  165072
58.45                                  165072
58.5                                  165072
58.55                                  165072
58.6                                  165072
58.65                                  165072
58.7                                  165072
58.75                                  166520
58.8                                  166520
58.85                                  166520
58.9                                  166520
58.95                                  166520
59                                  166520
59.05                                  166520
59.1                                  166520
59.15                                  166520
59.2                                  166520
59.25                                  166520
59.3                                  166520
59.35                                  166520
59.4                                  166520
59.45                                  166520
59.5                                  166520
59.55                                  166520
59.6                                  166520
59.65                                  166520
59.7                                  166520
59.75                                  166520
59.8                                  166520
59.85                                  166520
59.9                                  166520
59.95                                  166520
60                                  166520
60.05                                  166520
60.1                                  166520
60.15                                  166520
60.2                                  166520
60.25                                  166520
60.3                                  166520
60.35                                  166520
60.4                                  166520
60.45                                  166520
60.5                                  166520
60.55                                  166520
60.6                                  166520
60.65                                  166520
60.7                                  166520
60.75                                  166520
60.8                                  166520
60.85                                  166520
60.9                                  166520
60.95                                  166520
61                                  166520
61.05                                  166520
61.1                                  166520
61.15                                  166520
61.2                                  166520
61.25                                  166520
61.3                                  166520
61.35                                  166520
61.4                                  166520
61.45                                  167968
61.5                                  167968
61.55                                  167968
61.6                                  167968
61.65                                  167968
61.7                                  167968
61.75                                  167968
61.8                                  169416
61.85                                  169416
61.9                                  169416
61.95                                  169416
62                                  169416
62.05                                  170864
62.1                                  170864
62.15                                  170864
62.2                                  170864
62.25                                  172312
62.3                                  172312
62.35                                  172312
62.4                                  173760
62.45                                  173760
62.5                                  173760
62.55                                  175208
62.6                                  175208
62.65                                  175208
62.7                                  176656
62.75                                  176656
62.8                                  178104
62.85                                  178104
62.9                                  179552
62.95                                  179552
63                                  181000
63.05                                  181000
63.1                                  182448
63.15                                  182448
63.2                                  183896
63.25                                  183896
63.3                                  185344
63.35                                  186792
63.4                                  186792
63.45                                  188240
63.5                                  189688
63.55                                  189688
63.6                                  191136
63.65                                  192584
63.7                                  194032
63.75                                  195480
63.8                                  195480
63.85                                  196928
63.9                                  198376
63.95                                  199824
64                                  186792
64.05                                  139008
64.1                                  137560
64.15                                  139008
64.2                                  139008
64.25                                  143352
64.3                                  144800
64.35                                  146248
64.4                                  147696
64.45                                  150592
64.5                                  152040
64.55                                  153488
64.6                                  154936
64.65                                  156384
64.7                                  157832
64.75                                  159280
64.8                                  160728
64.85                                  162176
64.9                                  163624
64.95                                  165072
65                                  166520
65.05                                  167968
65.1                                  169416
65.15                                  170864
65.2                                  172312
65.25                                  172312
65.3                                  173760
65.35                                  175208
65.4                                  176656
65.45                                  176656
65.5                                  178104
65.55                                  178104
65.6                                  179552
65.65                                  179552
65.7                                  181000
65.75                                  181000
65.8                                  182448
65.85                                  182448
65.9                                  183896
65.95                                  183896
66                                  185344
66.05                                  186792
66.1                                  186792
66.15                                  186792
66.2                                  188240
66.25                                  188240
66.3                                  189688
66.35                                  189688
66.4                                  189688
66.45                                  191136
66.5                                  191136
66.55                                  192584
66.6                                  192584
66.65                                  192584
66.7                                  194032
66.75                                  194032
66.8                                  194032
66.85                                  195480
66.9                                  195480
66.95                                  195480
67                                  196928
67.05                                  196928
67.1                                  196928
67.15                                  196928
67.2                                  160728
67.25                                  137560
67.3                                  137560
67.35                                  140456
67.4                                  140456
67.45                                  141904
67.5                                  143352
67.55                                  143352
67.6                                  144800
67.65                                  144800
67.7                                  146248
67.75                                  146248
67.8                                  147696
67.85                                  147696
67.9                                  149144
67.95                                  150592
68                                  150592
68.05                                  152040
68.1                                  152040
68.15                                  153488
68.2                                  153488
68.25                                  154936
68.3                                  154936
68.35                                  156384
68.4                                  156384
68.45                                  156384
68.5                                  157832
68.55                                  157832
68.6                                  159280
68.65                                  159280
68.7                                  159280
68.75                                  160728
68.8                                  160728
68.85                                  162176
68.9                                  162176
68.95                                  162176
69                                  162176
69.05                                  163624
69.1                                  163624
69.15                                  163624
69.2                                  163624
69.25                                  163624
69.3                                  165072
69.35                                  165072
69.4                                  165072
69.45                                  165072
69.5                                  165072
69.55                                  165072
69.6                                  165072
69.65                                  166520
69.7                                  166520
69.75                                  166520
69.8                                  166520
69.85                                  166520
69.9                                  166520
69.95                                  166520
70                                  166520
70.05                                  166520
70.1                                  166520
70.15                                  166520
70.2                                  166520
70.25                                  166520
70.3                                  166520
70.35                                  166520
70.4                                  166520
70.45                                  166520
70.5                                  166520
70.55                                  166520
70.6                                  166520
70.65                                  166520
70.7                                  166520
70.75                                  166520
70.8                                  166520
70.85                                  166520
70.9                                  166520
70.95                                  166520
71                                  166520
71.05                                  166520
71.1                                  166520
71.15                                  166520
71.2                                  166520
71.25                                  166520
71.3                                  166520
71.35                                  166520
71.4                                  166520
71.45                                  166520
71.5                                  166520
71.55                                  166520
71.6                                  166520
71.65                                  166520
71.7                                  166520
71.75                                  166520
71.8                                  166520
71.85                                  166520
71.9                                  166520
71.95                                  166520
72                                  166520
72.05                                  166520
72.1                                  166520
72.15                                  166520
72.2                                  166520
72.25                                  166520
72.3                                  166520
72.35                                  167968
72.4                                  167968
72.45                                  167968
72.5                                  167968
72.55                                  167968
72.6                                  167968
72.65                                  167968
72.7                                  169416
72.75                                  169416
72.8                                  169416
72.85                                  169416
72.9                                  169416
72.95                                  170864
73                                  170864
73.05                                  170864
73.1                                  170864
73.15                                  172312
73.2                                  172312
73.25                                  172312
73.3                                  173760
73.35                                  173760
73.4                                  173760
73.45                                  175208
73.5                                  175208
73.55                                  175208
73.6                                  176656
73.65                                  176656
73.7                                  178104
73.75                                  178104
73.8                                  179552
73.85                                  179552
73.9                                  181000
73.95                                  181000
74                                  182448
74.05                                  182448
74.1                                  183896
74.15                                  183896
74.2                                  185344
74.25                                  186792
74.3                                  186792
74.35                                  188240
74.4                                  189688
74.45                                  189688
74.5                                  191136
74.55                                  192584
74.6                                  194032
74.65                                  195480
74.7                                  195480
74.75                                  196928
74.8                                  198376
74.85                                  199824
74.9                                  185344
74.95                                  139008
75                                  137560
75.05                                  139008
75.1                                  139008
75.15                                  143352
75.2                                  144800
75.25                                  146248
75.3                                  149144
75.35                                  150592
75.4                                  152040
75.45                                  153488
75.5                                  154936
75.55                                  156384
75.6                                  157832
75.65                                  159280
75.7                                  160728
75.75                                  162176
75.8                                  163624
75.85                                  165072
75.9                                  166520
75.95                                  167968
76                                  169416
76.05                                  170864
76.1                                  172312
76.15                                  172312
76.2                                  173760
76.25                                  175208
76.3                                  176656
76.35                                  176656
76.4                                  178104
76.45                                  178104
76.5                                  179552
76.55                                  179552
76.6                                  181000
76.65                                  181000
76.7                                  182448
76.75                                  182448
76.8                                  183896
76.85                                  183896
76.9                                  185344
76.95                                  186792
77                                  186792
77.05                                  186792
77.1                                  188240
77.15                                  188240
77.2                                  189688
77.25                                  189688
77.3                                  189688
77.35                                  191136
77.4                                  191136
77.45                                  192584
77.5                                  192584
77.55                                  192584
77.6                                  194032
77.65                                  194032
77.7                                  194032
77.75                                  195480
77.8                                  195480
77.85                                  195480
77.9                                  196928
77.95                                  196928
78                                  196928
78.05                                  196928
78.1                                  160728
78.15                                  137560
78.2                                  137560
78.25                                  140456
78.3                                  140456
78.35                                  141904
78.4                                  143352
78.45                                  143352
78.5                                  144800
78.55                                  144800
78.6                                  146248
78.65                                  146248
78.7                                  147696
78.75                                  147696
78.8                                  149144
78.85                                  150592
78.9                                  150592
78.95                                  152040
79                                  152040
79.05                                  153488
79.1                                  153488
79.15                                  154936
79.2                                  154936
79.25                                  156384
79.3                                  156384
79.35                                  157832
79.4                                  157832
79.45                                  157832
79.5                                  159280
79.55                                  159280
79.6                                  159280
79.65                                  160728
79.7                                  160728
79.75                                  162176
79.8                                  162176
79.85                                  162176
79.9                                  162176
79.95                                  163624
80                                  163624
80.05                                  163624
80.1                                  163624
80.15                                  163624
80.2                                  165072
80.25                                  165072
80.3                                  165072
80.35                                  165072
80.4                                  165072
80.45                                  165072
80.5                                  165072
80.55                                  166520
80.6                                  166520
80.65                                  166520
80.7                                  166520
80.75                                  166520
80.8                                  166520
80.85                                  166520
80.9                                  166520
80.95                                  166520
81                                  166520
81.05                                  166520
81.1                                  166520
81.15                                  166520
81.2                                  166520
81.25                                  166520
81.3                                  166520
81.35                                  166520
81.4                                  166520
81.45                                  166520
81.5                                  166520
81.55                                  166520
81.6                                  166520
81.65                                  166520
81.7                                  166520
81.75                                  166520
81.8                                  166520
81.85                                  166520
81.9                                  166520
81.95                                  166520
82                                  166520
82.05                                  166520
82.1                                  166520
82.15                                  166520
82.2                                  166520
82.25                                  166520
82.3                                  166520
82.35                                  166520
82.4                                  166520
82.45                                  166520
82.5                                  166520
82.55                                  166520
82.6                                  166520
82.65                                  166520
82.7                                  166520
82.75                                  166520
82.8                                  166520
82.85                                  166520
82.9                                  166520
82.95                                  166520
83                                  166520
83.05                                  166520
83.1                                  166520
83.15                                  166520
83.2                                  166520
83.25                                  167968
83.3                                  167968
83.35                                  167968
83.4                                  167968
83.45                                  167968
83.5                                  167968
83.55                                  167968
83.6                                  169416
83.65                                  169416
83.7                                  169416
83.75                                  169416
83.8                                  169416
83.85                                  170864
83.9                                  170864
83.95                                  170864
84                                  170864
84.05                                  172312
84.1                                  172312
84.15                                  172312
84.2                                  173760
84.25                                  173760
84.3                                  173760
84.35                                  175208
84.4                                  175208
84.45                                  175208
84.5                                  176656
84.55                                  176656
84.6                                  178104
84.65                                  178104
84.7                                  179552
84.75                                  179552
84.8                                  181000
84.85                                  181000
84.9                                  182448
84.95                                  182448
85                                  183896
85.05                                  183896
85.1                                  185344
85.15                                  186792
85.2                                  186792
85.25                                  188240
85.3                                  189688
85.35                                  189688
85.4                                  191136
85.45                                  192584
85.5                                  194032
85.55                                  195480
85.6                                  195480
85.65                                  196928
85.7                                  198376
85.75                                  199824
85.8                                  185344
85.85                                  139008
85.9                                  137560
85.95                                  139008
86                                  139008
86.05                                  143352
86.1                                  144800
86.15                                  146248
86.2                                  149144
86.25                                  150592
86.3                                  152040
86.35                                  153488
86.4                                  154936
86.45                                  156384
86.5                                  157832
86.55                                  159280
86.6                                  160728
86.65                                  162176
86.7                                  163624
86.75                                  165072
86.8                                  166520
86.85                                  167968
86.9                                  169416
86.95                                  170864
87                                  172312
87.05                                  172312
87.1                                  173760
87.15                                  175208
87.2                                  176656
87.25                                  176656
87.3                                  178104
87.35                                  178104
87.4                                  179552
87.45                                  179552
87.5                                  181000
87.55                                  181000
87.6                                  182448
87.65                                  182448
87.7                                  183896
87.75                                  183896
87.8                                  185344
87.85                                  186792
87.9                                  186792
87.95                                  186792
88                                  188240
88.05                                  188240
88.1                                  189688
88.15                                  189688
88.2                                  189688
88.25                                  191136
88.3                                  191136
88.35                                  192584
88.4                                  192584
88.45                                  192584
88.5                                  194032
88.55                                  194032
88.6                                  194032
88.65                                  195480
88.7                                  195480
88.75                                  195480
88.8                                  196928
88.85                                  196928
88.9                                  196928
88.95                                  196928
89                                  159280
89.05                                  137560
89.1                                  137560
89.15                                  140456
89.2                                  140456
89.25                                  141904
89.3                                  143352
89.35                                  143352
89.4                                  144800
89.45                                  144800
89.5                                  146248
89.55                                  146248
89.6                                  147696
89.65                                  147696
89.7                                  149144
89.75                                  150592
89.8                                  150592
89.85                                  152040
89.9                                  152040
89.95                                  153488
90                                  153488
90.05                                  154936
90.1                                  154936
90.15                                  156384
90.2                                  156384
90.25                                  156384
90.3                                  157832
90.35                                  157832
90.4                                  159280
90.45                                  159280
90.5                                  159280
90.55                                  160728
90.6                                  160728
90.65                                  162176
90.7                                  162176
90.75                                  162176
90.8                                  162176
90.85                                  163624
90.9                                  163624
90.95                                  163624
91                                  163624
91.05                                  163624
91.1                                  165072
91.15                                  165072
91.2                                  165072
91.25                                  165072
91.3                                  165072
91.35                                  165072
91.4                                  165072
91.45                                  166520
91.5                                  166520
91.55                                  166520
91.6                                  166520
91.65                                  166520
91.7                                  166520
91.75                                  166520
91.8                                  166520
91.85                                  166520
91.9                                  166520
91.95                                  166520
92                                  166520
92.05                                  166520
92.1                                  166520
92.15                                  166520
92.2                                  166520
92.25                                  166520
92.3                                  166520
92.35                                  166520
92.4                                  166520
92.45                                  166520
92.5                                  166520
92.55                                  166520
92.6                                  166520
92.65                                  166520
92.7                                  166520
92.75                                  166520
92.8                                  166520
92.85                                  166520
92.9                                  166520
92.95                                  166520
93                                  166520
93.05                                  166520
93.1                                  166520
93.15                                  166520
93.2                                  166520
93.25                                  166520
93.3                                  166520
93.35                                  166520
93.4                                  166520
93.45                                  166520
93.5                                  166520
93.55                                  166520
93.6                                  166520
93.65                                  166520
93.7                                  166520
93.75                                  166520
93.8                                  166520
93.85                                  166520
93.9                                  166520
93.95                                  166520
94                                  166520
94.05                                  166520
94.1                                  166520
94.15                                  167968
94.2                                  167968
94.25                                  167968
94.3                                  167968
94.35                                  167968
94.4                                  167968
94.45                                  167968
94.5                                  169416
94.55                                  169416
94.6                                  169416
94.65                                  169416
94.7                                  169416
94.75                                  170864
94.8                                  170864
94.85                                  170864
94.9                                  170864
94.95                                  172312
95                                  172312
95.05                                  172312
95.1                                  173760
95.15                                  173760
95.2                                  173760
95.25                                  175208
95.3                                  175208
95.35                                  175208
95.4                                  176656
95.45                                  176656
95.5                                  178104
95.55                                  178104
95.6                                  179552
95.65                                  179552
95.7                                  181000
95.75                                  181000
95.8                                  182448
95.85                                  182448
95.9                                  183896
95.95                                  183896
96                                  185344
96.05                                  186792
96.1                                  186792
96.15                                  188240
96.2                                  189688
96.25                                  189688
96.3                                  191136
96.35                                  192584
96.4                                  194032
96.45                                  195480
96.5                                  195480
96.55                                  196928
96.6                                  198376
96.65                                  199824
96.7                                  183896
96.75                                  139008
96.8                                  137560
96.85                                  139008
96.9                                  139008
96.95                                  143352
97                                  144800
97.05                                  146248
97.1                                  149144
97.15                                  150592
97.2                                  152040
97.25                                  153488
97.3                                  154936
97.35                                  156384
97.4                                  157832
97.45                                  159280
97.5                                  160728
97.55                                  162176
97.6                                  163624
97.65                                  165072
97.7                                  166520
97.75                                  167968
97.8                                  169416
97.85                                  170864
97.9                                  172312
97.95                                  172312
98                                  173760
98.05                                  175208
98.1                                  176656
98.15                                  176656
98.2                                  178104
98.25                                  178104
98.3                                  179552
98.35                                  179552
98.4                                  181000
98.45                                  181000
98.5                                  182448
98.55                                  182448
98.6                                  183896
98.65                                  183896
98.7                                  185344
98.75                                  186792
98.8                                  186792
98.85                                  186792
98.9                                  188240
98.95                                  188240
99                                  189688
99.05                                  189688
99.1                                  189688
99.15                                  191136
99.2                                  191136
99.25                                  192584
99.3                                  192584
99.35                                  192584
99.4                                  194032
99.45                                  194032
99.5                                  194032
99.55                                  195480
99.6                                  195480
99.65                                  195480
99.7                                  196928
99.75                                  196928
99.8                                  196928
99.85                                  196928
99.9                                  160728
99.95                                  137560
