0.1                                    1000
0.15                                      40
0.2                                 43.1487
0.25                                 47.9801
0.3                                 54.6895
0.35                                 59.3322
0.4                                 82.5365
0.45                                 107.396
0.5                                 132.883
0.55                                  155.61
0.6                                  155.61
0.65                                  155.61
0.7                                  155.61
0.75                                  155.61
0.8                                  155.61
0.85                                 144.987
0.9                                 141.963
0.95                                 141.737
1                                 141.775
1.05                                 143.936
1.1                                 144.175
1.15                                 146.343
1.2                                  146.53
1.25                                 148.813
1.3                                 149.239
1.35                                 151.227
1.4                                  153.04
1.45                                 153.759
1.5                                 156.006
1.55                                 157.166
1.6                                 158.451
1.65                                 159.893
1.7                                 160.952
1.75                                 162.805
1.8                                  163.18
1.85                                  163.18
1.9                                  163.18
1.95                                  163.18
2                                  163.18
2.05                                 139.921
2.1                                 118.897
2.15                                 117.834
2.2                                 117.807
2.25                                 118.663
2.3                                 120.068
2.35                                 120.144
2.4                                 121.978
2.45                                 122.498
2.5                                 122.543
2.55                                 124.488
2.6                                  124.94
2.65                                 124.996
2.7                                 126.766
2.75                                 127.304
2.8                                 127.449
2.85                                 127.396
2.9                                 129.639
2.95                                 129.838
3                                 129.743
3.05                                 131.906
3.1                                 132.203
3.15                                 132.195
3.2                                 132.206
3.25                                 132.195
3.3                                 133.834
3.35                                 134.592
3.4                                 134.568
3.45                                 134.625
3.5                                 136.142
3.55                                 136.941
3.6                                 136.996
3.65                                 136.987
3.7                                 136.999
3.75                                     137
3.8                                 139.119
3.85                                 139.415
3.9                                 139.374
3.95                                 139.419
4                                 139.374
4.05                                 139.375
4.1                                 139.397
4.15                                 139.373
4.2                                 141.355
4.25                                 141.762
4.3                                 141.801
4.35                                 141.828
4.4                                  141.79
4.45                                 141.827
4.5                                  141.85
4.55                                  141.79
4.6                                 141.827
4.65                                  141.85
4.7                                 141.817
4.75                                 141.849
4.8                                 141.743
4.85                                 141.817
4.9                                 141.849
4.95                                 141.743
5                                  141.84
5.05                                 141.743
5.1                                 141.743
5.15                                  141.84
5.2                                 141.743
5.25                                 141.775
5.3                                 141.735
5.35                                 141.743
5.4                                 141.775
5.45                                 141.735
5.5                                 141.775
5.55                                 141.803
5.6                                 141.709
5.65                                 141.773
5.7                                 141.803
5.75                                 141.761
5.8                                 141.803
5.85                                 141.803
5.9                                 141.761
5.95                                 141.803
6                                 141.828
6.05                                  141.79
6.1                                 141.803
6.15                                 141.828
6.2                                  141.79
6.25                                 141.827
6.3                                  141.85
6.35                                  141.79
6.4                                 141.827
6.45                                  141.85
6.5                                 141.817
6.55                                 141.849
6.6                                 141.743
6.65                                 141.817
6.7                                 141.849
6.75                                 141.743
6.8                                  141.84
6.85                                 141.743
6.9                                 141.743
6.95                                  141.84
7                                 141.743
7.05                                 141.775
7.1                                 141.709
7.15                                 141.741
7.2                                 141.775
7.25                                 142.607
7.3                                 144.076
7.35                                 144.145
7.4                                 144.184
7.45                                 144.171
7.5                                  144.15
7.55                                 144.161
7.6                                  144.15
7.65                                  144.15
7.7                                 144.161
7.75                                  144.15
7.8                                 144.257
7.85                                 144.911
7.9                                 146.434
7.95                                 146.597
8                                 146.542
8.05                                 146.603
8.1                                 146.653
8.15                                 146.542
8.2                                 146.603
8.25                                 148.717
8.3                                 148.983
8.35                                 148.999
8.4                                     149
8.45                                     149
8.5                                 150.167
8.55                                 151.272
8.6                                 151.368
8.65                                 151.345
8.7                                 151.347
8.75                                 153.449
8.8                                 153.719
8.85                                 153.774
8.9                                 153.759
8.95                                 155.828
9                                  156.15
9.05                                 156.221
9.1                                 157.222
9.15                                 158.462
9.2                                 158.602
9.25                                 158.627
9.3                                 160.856
9.35                                 161.034
9.4                                 161.772
9.45                                 163.264
9.5                                 163.403
9.55                                 163.403
9.6                                 163.403
9.65                                 163.403
9.7                                 163.403
9.75                                 120.029
9.8                                 116.738
9.85                                 117.479
9.9                                 119.866
9.95                                 120.906
10                                 122.524
10.05                                 124.349
10.1                                 124.917
10.15                                 127.096
10.2                                 127.355
10.25                                 129.551
10.3                                  130.04
10.35                                 132.004
10.4                                 132.511
10.45                                 134.419
10.5                                 134.596
10.55                                 136.835
10.6                                 136.989
10.65                                 139.202
10.7                                 139.343
10.75                                 141.353
10.8                                 141.821
10.85                                  142.22
10.9                                  144.14
10.95                                 144.217
11                                 146.036
11.05                                 146.619
11.1                                 146.569
11.15                                 148.672
11.2                                  148.98
11.25                                 148.999
11.3                                 151.077
11.35                                 151.328
11.4                                 151.346
11.45                                 151.405
11.5                                 153.454
11.55                                 153.758
11.6                                 153.758
11.65                                 153.744
11.7                                 154.545
11.75                                 156.123
11.8                                 156.167
11.85                                  156.15
11.9                                 156.222
11.95                                 157.906
12                                 158.503
12.05                                 158.654
12.1                                 158.549
12.15                                 158.547
12.2                                 160.615
12.25                                 160.977
12.3                                 160.999
12.35                                     161
12.4                                     161
12.45                                     161
12.5                                 162.094
12.55                                 163.376
12.6                                 163.392
12.65                                 163.469
12.7                                  163.41
12.75                                  163.41
12.8                                  163.41
12.85                                 138.332
12.9                                 116.653
12.95                                 115.474
13                                 117.559
13.05                                 117.662
13.1                                 118.272
13.15                                 120.035
13.2                                  120.25
13.25                                 120.088
13.3                                 120.146
13.35                                 122.229
13.4                                 122.465
13.45                                 122.599
13.5                                 124.184
13.55                                 124.887
13.6                                 124.993
13.65                                     125
13.7                                 127.034
13.75                                 127.371
13.8                                 127.345
13.85                                 127.406
13.9                                 129.126
13.95                                   129.7
14                                 129.808
14.05                                 129.741
14.1                                 131.243
14.15                                 132.131
14.2                                 132.191
14.25                                 132.172
14.3                                 132.165
14.35                                 132.194
14.4                                 134.481
14.45                                 134.534
14.5                                 134.623
14.55                                 134.547
14.6                                 134.494
14.65                                  135.39
14.7                                 136.902
14.75                                 136.951
14.8                                 136.997
14.85                                     137
14.9                                 136.957
14.95                                 136.997
15                                     137
15.05                                 136.962
15.1                                 136.997
15.15                                     137
15.2                                 136.962
15.25                                 137.591
15.3                                 139.284
15.35                                 139.335
15.4                                 139.451
15.45                                 139.396
15.5                                 139.425
15.55                                 139.395
15.6                                 139.347
15.65                                 139.425
15.7                                 139.395
15.75                                 139.347
15.8                                 139.372
15.85                                 139.345
15.9                                 139.347
15.95                                 139.372
16                                 139.345
16.05                                 139.428
16.1                                 139.276
16.15                                 139.342
16.2                                 139.428
16.25                                 139.305
16.3                                 139.426
16.35                                 139.375
16.4                                 139.305
16.45                                 139.426
16.5                                 139.375
16.55                                 139.392
16.6                                 139.373
16.65                                 139.375
16.7                                 139.392
16.75                                 139.373
16.8                                 139.453
16.85                                 139.343
16.9                                 139.373
16.95                                 139.453
17                                 139.343
17.05                                 139.451
17.1                                 139.396
17.15                                 139.343
17.2                                 139.451
17.25                                 139.396
17.3                                 139.425
17.35                                 139.395
17.4                                 139.347
17.45                                 139.425
17.5                                 139.395
17.55                                 139.347
17.6                                 139.316
17.65                                 139.342
17.7                                 139.347
17.75                                 139.349
17.8                                 139.344
17.85                                 139.428
17.9                                 139.305
17.95                                 139.344
18                                 139.428
18.05                                 139.305
18.1                                 139.426
18.15                                 139.375
18.2                                 139.305
18.25                                 139.426
18.3                                 139.375
18.35                                 141.426
18.4                                 141.782
18.45                                 141.802
18.5                                 141.746
18.55                                 141.802
18.6                                 141.828
18.65                                 141.778
18.7                                 141.802
18.75                                 141.828
18.8                                 143.846
18.85                                 144.238
18.9                                 144.223
18.95                                 144.132
19                                 144.256
19.05                                 144.224
19.1                                 145.906
19.15                                 146.611
19.2                                 146.569
19.25                                 146.587
19.3                                 146.652
19.35                                 148.361
19.4                                 148.961
19.45                                 148.998
19.5                                     149
19.55                                 150.167
19.6                                 151.272
19.65                                 151.424
19.7                                 151.361
19.75                                 153.114
19.8                                 153.737
19.85                                 153.772
19.9                                 154.798
19.95                                 156.067
20                                  156.24
20.05                                 157.055
20.1                                 158.452
20.15                                 158.682
20.2                                 160.197
20.25                                 160.944
20.3                                  161.08
20.35                                 163.093
20.4                                 163.301
20.45                                 163.301
20.5                                 163.301
20.55                                 163.301
20.6                                 163.301
20.65                                 119.679
20.7                                 116.795
20.75                                 117.418
20.8                                 119.907
20.85                                 121.155
20.9                                 122.398
20.95                                 124.365
21                                 124.962
21.05                                 127.084
21.1                                 127.354
21.15                                 129.614
21.2                                 129.956
21.25                                 132.016
21.3                                 132.717
21.35                                 134.317
21.4                                 134.531
21.45                                  136.85
21.5                                 136.918
21.55                                 139.236
21.6                                 139.383
21.65                                 141.264
21.7                                 141.795
21.75                                 142.617
21.8                                 144.128
21.85                                 144.217
21.9                                 146.098
21.95                                 146.554
22                                  146.65
22.05                                 148.723
22.1                                 148.983
22.15                                 148.999
22.2                                     149
22.25                                  149.77
22.3                                 151.248
22.35                                 151.423
22.4                                 151.361
22.45                                 153.316
22.5                                  153.75
22.55                                 153.773
22.6                                 154.547
22.65                                 156.052
22.7                                 156.239
22.75                                 156.175
22.8                                 156.151
22.85                                 157.873
22.9                                 158.501
22.95                                 158.544
23                                 158.603
23.05                                 158.554
23.1                                 160.639
23.15                                 160.978
23.2                                 161.008
23.25                                 161.001
23.3                                     161
23.35                                 161.009
23.4                                 162.021
23.45                                 163.301
23.5                                 163.459
23.55                                 163.397
23.6                                 163.429
23.65                                 163.429
23.7                                 163.429
23.75                                 135.425
23.8                                 116.586
23.85                                 115.459
23.9                                 117.396
23.95                                 117.781
24                                 118.612
24.05                                 119.931
24.1                                 120.135
24.15                                 120.256
24.2                                  120.03
24.25                                  122.28
24.3                                 122.633
24.35                                  122.43
24.4                                 124.158
24.45                                 124.949
24.5                                   124.9
24.55                                 124.994
24.6                                  127.03
24.65                                 127.339
24.7                                  127.39
24.75                                 127.346
24.8                                 129.124
24.85                                 129.699
24.9                                  129.74
24.95                                 129.774
25                                 131.238
25.05                                 132.114
25.1                                 132.036
25.15                                 132.185
25.2                                 132.171
25.25                                 132.327
25.3                                 134.489
25.35                                 134.539
25.4                                 134.463
25.45                                 134.618
25.5                                 134.546
25.55                                 135.467
25.6                                 136.907
25.65                                 136.994
25.7                                 136.916
25.75                                 136.995
25.8                                     137
25.85                                 136.927
25.9                                 136.995
25.95                                     137
26                                 136.927
26.05                                 136.996
26.1                                     137
26.15                                 137.505
26.2                                  139.34
26.25                                  139.39
26.3                                 139.398
26.35                                 139.393
26.4                                 139.347
26.45                                 139.399
26.5                                 139.393
26.55                                 139.347
26.6                                 139.239
26.65                                 139.337
26.7                                 139.346
26.75                                 139.304
26.8                                 139.341
26.85                                 139.428
26.9                                 139.266
26.95                                 139.341
27                                 139.428
27.05                                 139.266
27.1                                 139.424
27.15                                 139.375
27.2                                 139.266
27.25                                 139.424
27.3                                 139.375
27.35                                 139.357
27.4                                 139.371
27.45                                 139.375
27.5                                 139.357
27.55                                 139.371
27.6                                 139.453
27.65                                 139.313
27.7                                 139.371
27.75                                 139.453
27.8                                 139.313
27.85                                 139.449
27.9                                 139.396
27.95                                 139.313
28                                 139.449
28.05                                 139.396
28.1                                 139.274
28.15                                 139.386
28.2                                 139.346
28.25                                 139.347
28.3                                  139.39
28.35                                 139.347
28.4                                 139.304
28.45                                 139.341
28.5                                 139.347
28.55                                 139.304
28.6                                 139.341
28.65                                 139.428
28.7                                 139.266
28.75                                 139.341
28.8                                 139.428
28.85                                 139.266
28.9                                 139.424
28.95                                 139.375
29                                 139.266
29.05                                 139.424
29.1                                 139.375
29.15                                 139.357
29.2                                 139.371
29.25                                 141.476
29.3                                 141.699
29.35                                 141.799
29.4                                 141.828
29.45                                 141.754
29.5                                   141.8
29.55                                 141.828
29.6                                 141.754
29.65                                 141.816
29.7                                 143.981
29.75                                 144.182
29.8                                 144.251
29.85                                 144.224
29.9                                 144.196
29.95                                 144.221
30                                 146.012
30.05                                 146.533
30.1                                 146.649
30.15                                 146.571
30.2                                 146.625
30.25                                 148.458
30.3                                 148.962
30.35                                 148.998
30.4                                     149
30.45                                 150.375
30.5                                 151.311
30.55                                 151.344
30.6                                 151.428
30.65                                 153.263
30.7                                 153.746
30.75                                 153.802
30.8                                 154.727
30.85                                 156.092
30.9                                 156.146
30.95                                  157.18
31                                 158.468
31.05                                 158.541
31.1                                 160.165
31.15                                 160.949
31.2                                 160.997
31.25                                 163.151
31.3                                 163.463
31.35                                 163.463
31.4                                 163.463
31.45                                 163.463
31.5                                 163.463
31.55                                 118.963
31.6                                 116.761
31.65                                 117.601
31.7                                 119.772
31.75                                 121.195
31.8                                  122.46
31.85                                 124.303
31.9                                 124.948
31.95                                 127.085
32                                  127.34
32.05                                  129.62
32.1                                 130.411
32.15                                 132.003
32.2                                 132.708
32.25                                 134.492
32.3                                 134.896
32.35                                 136.864
32.4                                 136.992
32.45                                 139.154
32.5                                 139.432
32.55                                 141.435
32.6                                 141.718
32.65                                  142.78
32.7                                 144.109
32.75                                  144.19
32.8                                 146.166
32.85                                 146.542
32.9                                 146.623
32.95                                 148.751
33                                 148.983
33.05                                 148.999
33.1                                     149
33.15                                 150.036
33.2                                 151.291
33.25                                 151.343
33.3                                 151.428
33.35                                 153.437
33.4                                 153.746
33.45                                 153.802
33.5                                 154.559
33.55                                 156.087
33.6                                 156.145
33.65                                 156.256
33.7                                  156.16
33.75                                 157.842
33.8                                 158.561
33.85                                 158.559
33.9                                 158.604
33.95                                 158.653
34                                 160.601
34.05                                 160.976
34.1                                 160.999
34.15                                 161.017
34.2                                 161.001
34.25                                     161
34.3                                 162.065
34.35                                 163.312
34.4                                 163.342
34.45                                 163.415
34.5                                 163.443
34.55                                 163.443
34.6                                 163.443
34.65                                 138.312
34.7                                 116.672
34.75                                  115.44
34.8                                  117.59
34.85                                  117.69
34.9                                 118.255
34.95                                 120.142
35                                 120.052
35.05                                 120.242
35.1                                 120.224
35.15                                 122.085
35.2                                 122.568
35.25                                 122.651
35.3                                 123.968
35.35                                 124.937
35.4                                 124.996
35.45                                 124.811
35.5                                 127.023
35.55                                 127.324
35.6                                 127.238
35.65                                 127.324
35.7                                 129.036
35.75                                 129.733
35.8                                 129.723
35.85                                 129.774
35.9                                 131.334
35.95                                 132.124
36                                 132.168
36.05                                  132.15
36.1                                 132.158
36.15                                   132.4
36.2                                 134.398
36.25                                 134.603
36.3                                 134.546
36.35                                 134.603
36.4                                 134.536
36.45                                 135.427
36.5                                 136.905
36.55                                 136.984
36.6                                 136.999
36.65                                     137
36.7                                  136.99
36.75                                 136.999
36.8                                     137
36.85                                 136.991
36.9                                 136.999
36.95                                 136.875
37                                 136.991
37.05                                 137.578
37.1                                 139.237
37.15                                 139.369
37.2                                 139.345
37.25                                 139.347
37.3                                 139.384
37.35                                 139.346
37.4                                 139.428
37.45                                 139.336
37.5                                 139.346
37.55                                 139.428
37.6                                 139.336
37.65                                 139.428
37.7                                 139.375
37.75                                 139.336
37.8                                 139.428
37.85                                 139.375
37.9                                 139.419
37.95                                 139.374
38                                 139.375
38.05                                 139.419
38.1                                 139.374
38.15                                 139.453
38.2                                 139.367
38.25                                 139.374
38.3                                 139.453
38.35                                 139.367
38.4                                 139.453
38.45                                 139.396
38.5                                 139.367
38.55                                 139.453
38.6                                 139.396
38.65                                 139.429
38.7                                 139.395
38.75                                 139.347
38.8                                 139.439
38.85                                 139.396
38.9                                 139.347
38.95                                 139.384
39                                 139.346
39.05                                 139.347
39.1                                 139.384
39.15                                 139.346
39.2                                 139.428
39.25                                 139.336
39.3                                 139.346
39.35                                 139.428
39.4                                 139.336
39.45                                 139.428
39.5                                 139.375
39.55                                 139.336
39.6                                 139.428
39.65                                 139.375
39.7                                 139.419
39.75                                 139.374
39.8                                 139.375
39.85                                 139.419
39.9                                 139.374
39.95                                 139.453
40                                 139.367
40.05                                 139.374
40.1                                 139.453
40.15                                 141.448
40.2                                 141.807
40.25                                 141.848
40.3                                  141.79
40.35                                 141.827
40.4                                  141.85
40.45                                 141.817
40.5                                 141.849
40.55                                 141.743
40.6                                 143.968
40.65                                 144.207
40.7                                 144.195
40.75                                 144.217
40.8                                 144.196
40.85                                 144.196
40.9                                 146.007
40.95                                 146.532
41                                 146.623
41.05                                 146.568
41.1                                 146.571
41.15                                 148.375
41.2                                 148.962
41.25                                 148.998
41.3                                     149
41.35                                 150.143
41.4                                 151.356
41.45                                 151.371
41.5                                 151.432
41.55                                 153.263
41.6                                 153.766
41.65                                 153.758
41.7                                 154.726
41.75                                  156.17
41.8                                 156.165
41.85                                 156.921
41.9                                 158.505
41.95                                 158.569
42                                 160.167
42.05                                  160.95
42.1                                 161.034
42.15                                 163.175
42.2                                  163.38
42.25                                  163.38
42.3                                  163.38
42.35                                  163.38
42.4                                  163.38
42.45                                 119.166
42.5                                 116.635
42.55                                 117.505
42.6                                 119.881
42.65                                 121.164
42.7                                 122.429
42.75                                 124.347
42.8                                  124.96
42.85                                 127.057
42.9                                 127.434
42.95                                 129.679
43                                 130.016
43.05                                 132.127
43.1                                  132.81
43.15                                 134.473
43.2                                 134.895
43.25                                 136.873
43.3                                 136.974
43.35                                 139.175
43.4                                 139.334
43.45                                 141.423
43.5                                 141.718
43.55                                 142.622
43.6                                 144.122
43.65                                  144.19
43.7                                 146.135
43.75                                 146.538
43.8                                 146.569
43.85                                 148.713
43.9                                 148.957
43.95                                 148.997
44                                     149
44.05                                 149.756
44.1                                 151.332
44.15                                 151.369
44.2                                 151.435
44.25                                 153.438
44.3                                 153.778
44.35                                 153.788
44.4                                  154.56
44.45                                  156.16
44.5                                 156.164
44.55                                 156.151
44.6                                 156.257
44.65                                 157.861
44.7                                 158.562
44.75                                 158.651
44.8                                 158.575
44.85                                 158.605
44.9                                 160.626
44.95                                  161.01
45                                 161.001
45.05                                     161
45.1                                 161.033
45.15                                 161.002
45.2                                 161.923
45.25                                 163.347
45.3                                 163.344
45.35                                 163.347
45.4                                 163.375
45.45                                 163.375
45.5                                 163.375
45.55                                 135.409
45.6                                 116.666
45.65                                 115.386
45.7                                 117.528
45.75                                 117.811
45.8                                 118.509
45.85                                 120.132
45.9                                 120.217
45.95                                   120.1
46                                 120.229
46.05                                 122.324
46.1                                 122.442
46.15                                   122.6
46.2                                 124.283
46.25                                  124.95
46.3                                 124.953
46.35                                 124.997
46.4                                 127.101
46.45                                 127.291
46.5                                 127.343
46.55                                 127.428
46.6                                 129.077
46.65                                 129.735
46.7                                 129.801
46.75                                 129.709
46.8                                 131.237
46.85                                 132.094
46.9                                 132.141
46.95                                 132.149
47                                  132.15
47.05                                 132.519
47.1                                 134.419
47.15                                 134.596
47.2                                 134.525
47.25                                 134.545
47.3                                 134.603
47.35                                 135.573
47.4                                 136.914
47.45                                 136.995
47.5                                  136.98
47.55                                 136.999
47.6                                     137
47.65                                  136.95
47.7                                 136.997
47.75                                     137
47.8                                 136.967
47.85                                 136.998
47.9                                     137
47.95                                 137.741
48                                 139.247
48.05                                  139.34
48.1                                 139.372
48.15                                 139.345
48.2                                 139.428
48.25                                 139.326
48.3                                 139.345
48.35                                 139.428
48.4                                 139.326
48.45                                 139.427
48.5                                 139.375
48.55                                 139.326
48.6                                 139.427
48.65                                 139.375
48.7                                  139.41
48.75                                 139.374
48.8                                 139.375
48.85                                  139.41
48.9                                 139.374
48.95                                 139.453
49                                 139.359
49.05                                 139.374
49.1                                 139.453
49.15                                 139.321
49.2                                  139.45
49.25                                 139.396
49.3                                 139.343
49.35                                 139.451
49.4                                 139.396
49.45                                 139.425
49.5                                 139.395
49.55                                 139.347
49.6                                 139.425
49.65                                 139.395
49.7                                 139.347
49.75                                 139.372
49.8                                 139.345
49.85                                 139.347
49.9                                 139.372
49.95                                 139.345
50                                 139.428
50.05                                 139.326
50.1                                 139.345
50.15                                 139.428
50.2                                 139.326
50.25                                 139.427
50.3                                 139.375
50.35                                 139.326
50.4                                 139.427
50.45                                 139.375
50.5                                  139.41
50.55                                 139.374
50.6                                 139.375
50.65                                 139.367
50.7                                 139.371
50.75                                 139.453
50.8                                 139.343
50.85                                 139.373
50.9                                 139.453
50.95                                 139.343
51                                 139.451
51.05                                 141.569
51.1                                 141.759
51.15                                 141.825
51.2                                 141.849
51.25                                 141.806
51.3                                 141.848
51.35                                 141.743
51.4                                 141.806
51.45                                 141.848
51.5                                 143.946
51.55                                 144.196
51.6                                 144.195
51.65                                 144.196
51.7                                 144.211
51.75                                 144.196
51.8                                 146.078
51.85                                 146.532
51.9                                 146.569
51.95                                 146.625
52                                 146.565
52.05                                 148.441
52.1                                 148.966
52.15                                 148.949
52.2                                 148.997
52.25                                 150.285
52.3                                 151.375
52.35                                 151.372
52.4                                 151.375
52.45                                 153.243
52.5                                 153.771
52.55                                 153.826
52.6                                  154.97
52.65                                 156.069
52.7                                 156.252
52.75                                 157.209
52.8                                 158.523
52.85                                 158.648
52.9                                 160.257
52.95                                 160.955
53                                 160.997
53.05                                 163.282
53.1                                 163.324
53.15                                 163.324
53.2                                 163.324
53.25                                 163.324
53.3                                 163.324
53.35                                 119.145
53.4                                 116.691
53.45                                  117.63
53.5                                  119.86
53.55                                 121.151
53.6                                 122.519
53.65                                 124.389
53.7                                 124.963
53.75                                 127.149
53.8                                 127.304
53.85                                 129.659
53.9                                 130.417
53.95                                 132.106
54                                 133.001
54.05                                 134.471
54.1                                 134.809
54.15                                 136.867
54.2                                 136.992
54.25                                 139.184
54.3                                 139.334
54.35                                 141.314
54.4                                 141.748
54.45                                 142.786
54.5                                 144.086
54.55                                 144.168
54.6                                 146.097
54.65                                 146.596
54.7                                 146.557
54.75                                 148.757
54.8                                 148.985
54.85                                 148.999
54.9                                     149
54.95                                 149.937
55                                 151.354
55.05                                  151.37
55.1                                 151.375
55.15                                 153.424
55.2                                 153.782
55.25                                 153.827
55.3                                  154.75
55.35                                 156.054
55.4                                 156.251
55.45                                 156.188
55.5                                 156.259
55.55                                 158.014
55.6                                 158.557
55.65                                 158.604
55.7                                 158.653
55.75                                 158.651
55.8                                 160.628
55.85                                 160.977
55.9                                 160.998
55.95                                     161
56                                     161
56.05                                 161.109
56.1                                  162.15
56.15                                 163.264
56.2                                 163.533
56.25                                 163.355
56.3                                 163.381
56.35                                 163.381
56.4                                 163.381
56.45                                 135.426
56.5                                 116.696
56.55                                 115.533
56.6                                 117.604
56.65                                 117.693
56.7                                 118.611
56.75                                 120.099
56.8                                 120.145
56.85                                 120.218
56.9                                 120.196
56.95                                 122.233
57                                 122.546
57.05                                  122.57
57.1                                 124.095
57.15                                 124.945
57.2                                 124.997
57.25                                 124.926
57.3                                 126.967
57.35                                 127.406
57.4                                 127.275
57.45                                 127.424
57.5                                 129.164
57.55                                 129.633
57.6                                 129.769
57.65                                 129.803
57.7                                  131.28
57.75                                 132.096
57.8                                 132.147
57.85                                 132.118
57.9                                 132.147
57.95                                 132.506
58                                 134.377
58.05                                 134.535
58.1                                 134.603
58.15                                 134.431
58.2                                 134.597
58.25                                 135.576
58.3                                 136.828
58.35                                  136.99
58.4                                 136.999
58.45                                 136.936
58.5                                 136.996
58.55                                     137
58.6                                 136.936
58.65                                 136.996
58.7                                     137
58.75                                 136.944
58.8                                 136.997
58.85                                 137.469
58.9                                 139.235
58.95                                 139.337
59                                 139.428
59.05                                 139.305
59.1                                 139.344
59.15                                 139.428
59.2                                 139.305
59.25                                 139.426
59.3                                 139.375
59.35                                 139.305
59.4                                 139.426
59.45                                 139.375
59.5                                 139.392
59.55                                 139.373
59.6                                 139.375
59.65                                 139.308
59.7                                 139.368
59.75                                 139.453
59.8                                 139.313
59.85                                 139.371
59.9                                 139.453
59.95                                 139.313
60                                 139.449
60.05                                 139.396
60.1                                 139.313
60.15                                 139.449
60.2                                 139.396
60.25                                 139.399
60.3                                 139.393
60.35                                 139.347
60.4                                 139.399
60.45                                 139.393
60.5                                 139.347
60.55                                 139.349
60.6                                 139.344
60.65                                 139.347
60.7                                 139.349
60.75                                 139.344
60.8                                 139.428
60.85                                 139.305
60.9                                 139.344
60.95                                 139.428
61                                 139.305
61.05                                 139.426
61.1                                 139.375
61.15                                 139.209
61.2                                  139.42
61.25                                 139.374
61.3                                 139.357
61.35                                 139.371
61.4                                 139.375
61.45                                 139.357
61.5                                 139.371
61.55                                 139.453
61.6                                 139.313
61.65                                 139.371
61.7                                 139.453
61.75                                 139.313
61.8                                 139.449
61.85                                 139.396
61.9                                 139.313
61.95                                 141.504
62                                  141.83
62.05                                 141.783
62.1                                 141.847
62.15                                 141.743
62.2                                 141.785
62.25                                 141.847
62.3                                 141.743
62.35                                 141.812
62.4                                 143.943
62.45                                 144.179
62.5                                 144.196
62.55                                 144.195
62.6                                 144.172
62.65                                 144.077
62.7                                 145.938
62.75                                 146.587
62.8                                 146.545
62.85                                 146.623
62.9                                 146.547
62.95                                 148.355
63                                 148.961
63.05                                 148.998
63.1                                     149
63.15                                 150.285
63.2                                   151.3
63.25                                 151.449
63.3                                 151.376
63.35                                 153.269
63.4                                 153.816
63.45                                 153.804
63.5                                 154.865
63.55                                  156.14
63.6                                 156.256
63.65                                 157.261
63.7                                 158.557
63.75                                 158.604
63.8                                 160.184
63.85                                 161.076
63.9                                 161.005
63.95                                 163.094
64                                  163.32
64.05                                  163.32
64.1                                  163.32
64.15                                  163.32
64.2                                  163.32
64.25                                 119.244
64.3                                 116.557
64.35                                 117.568
64.4                                 119.995
64.45                                 121.035
64.5                                 122.512
64.55                                 124.443
64.6                                 124.851
64.65                                 127.164
64.7                                 127.379
64.75                                 129.575
64.8                                 130.412
64.85                                 132.087
64.9                                 132.513
64.95                                 134.526
65                                 134.939
65.05                                 136.766
65.1                                 136.986
65.15                                 139.131
65.2                                  139.29
65.25                                 141.309
65.3                                 141.749
65.35                                 142.725
65.4                                 144.095
65.45                                 144.166
65.5                                 146.068
65.55                                 146.595
65.6                                 146.545
65.65                                 148.719
65.7                                 148.983
65.75                                 148.999
65.8                                     149
65.85                                 149.937
65.9                                 151.275
65.95                                 151.447
66                                 151.376
66.05                                  153.45
66.1                                 153.827
66.15                                 153.805
66.2                                 154.613
66.25                                 156.125
66.3                                 156.255
66.35                                 156.224
66.4                                 156.196
66.45                                 157.869
66.5                                 158.609
66.55                                 158.569
66.6                                 158.664
66.65                                 158.572
66.7                                 160.634
66.75                                 160.993
66.8                                     161
66.85                                     161
66.9                                 161.013
66.95                                 161.001
67                                 162.036
67.05                                 163.279
67.1                                 163.424
67.15                                 163.375
67.2                                 163.453
67.25                                 163.453
67.3                                 163.453
67.35                                 135.525
67.4                                 116.612
67.45                                  115.29
67.5                                 117.628
67.55                                  117.73
67.6                                 118.401
67.65                                 120.112
67.7                                  120.19
67.75                                 120.045
67.8                                 120.186
67.85                                  122.25
67.9                                 122.461
67.95                                  122.56
68                                 124.262
68.05                                 124.811
68.1                                 124.987
68.15                                 124.999
68.2                                 126.889
68.25                                 127.401
68.3                                 127.373
68.35                                 127.209
68.4                                  129.15
68.45                                 129.766
68.5                                  129.66
68.55                                 129.797
68.6                                 131.187
68.65                                 132.009
68.7                                 132.131
68.75                                 132.255
68.8                                 132.115
68.85                                 132.388
68.9                                 134.473
68.95                                  134.52
69                                 134.593
69.05                                 134.652
69.1                                 134.462
69.15                                 135.614
69.2                                 136.916
69.25                                  136.87
69.3                                 136.992
69.35                                     137
69.4                                 136.875
69.45                                 136.992
69.5                                     137
69.55                                 136.891
69.6                                 136.993
69.65                                     137
69.7                                 136.891
69.75                                 137.749
69.8                                 139.332
69.85                                  139.26
69.9                                 139.341
69.95                                 139.428
70                                 139.266
70.05                                 139.424
70.1                                 139.375
70.15                                 139.266
70.2                                 139.412
70.25                                 139.374
70.3                                 139.453
70.35                                 139.367
70.4                                 139.374
70.45                                 139.453
70.5                                 139.367
70.55                                 139.453
70.6                                 139.396
70.65                                 139.367
70.7                                 139.453
70.75                                 139.396
70.8                                 139.446
70.85                                 139.396
70.9                                 139.347
70.95                                 139.446
71                                 139.396
71.05                                 139.347
71.1                                  139.39
71.15                                 139.347
71.2                                 139.347
71.25                                  139.39
71.3                                 139.347
71.35                                 139.304
71.4                                 139.341
71.45                                 139.347
71.5                                 139.304
71.55                                 139.341
71.6                                 139.428
71.65                                 139.266
71.7                                 139.328
71.75                                 139.427
71.8                                 139.375
71.85                                 139.419
71.9                                 139.374
71.95                                 139.375
72                                 139.419
72.05                                 139.374
72.1                                 139.453
72.15                                 139.367
72.2                                 139.374
72.25                                 139.453
72.3                                 139.367
72.35                                 139.453
72.4                                 139.396
72.45                                 139.367
72.5                                 139.453
72.55                                 139.396
72.6                                 139.446
72.65                                 139.396
72.7                                 139.347
72.75                                 139.446
72.8                                 139.396
72.85                                 141.454
72.9                                 141.827
72.95                                 141.742
73                                 141.743
73.05                                 141.844
73.1                                 141.743
73.15                                 141.775
73.2                                 141.726
73.25                                 141.742
73.3                                 143.926
73.35                                 144.175
73.4                                 144.171
73.45                                  144.15
73.5                                  144.19
73.55                                 144.172
73.6                                 145.982
73.65                                 146.588
73.7                                 146.545
73.75                                 146.547
73.8                                 146.622
73.85                                 148.453
73.9                                 148.967
73.95                                 148.998
74                                     149
74.05                                 150.387
74.1                                 151.313
74.15                                 151.449
74.2                                 151.396
74.25                                 153.266
74.3                                 153.796
74.35                                 153.848
74.4                                 155.016
74.45                                 156.149
74.5                                 156.192
74.55                                 157.188
74.6                                 158.567
74.65                                 158.566
74.7                                 160.266
74.75                                 160.956
74.8                                 160.997
74.85                                 163.186
74.9                                  163.39
74.95                                  163.39
75                                  163.39
75.05                                  163.39
75.1                                  163.39
75.15                                 119.167
75.2                                 116.754
75.25                                 117.511
75.3                                 120.009
75.35                                 121.392
75.4                                  122.33
75.45                                 124.399
75.5                                 124.964
75.55                                 127.091
75.6                                  127.36
75.65                                 129.593
75.7                                 130.327
75.75                                 132.093
75.8                                 132.958
75.85                                 134.527
75.9                                 135.145
75.95                                 136.872
76                                 136.992
76.05                                 139.141
76.1                                 139.416
76.15                                 141.437
76.2                                 141.709
76.25                                 142.794
76.3                                 144.067
76.35                                 144.161
76.4                                 146.118
76.45                                 146.517
76.5                                  146.62
76.55                                 148.749
76.6                                 148.985
76.65                                 148.999
76.7                                     149
76.75                                 150.048
76.8                                 151.293
76.85                                 151.448
76.9                                 151.396
76.95                                 153.421
77                                 153.805
77.05                                 153.848
77.1                                 154.875
77.15                                 156.141
77.2                                 156.191
77.25                                 156.273
77.3                                 156.226
77.35                                 157.947
77.4                                 158.637
77.45                                  158.57
77.5                                 158.571
77.55                                 158.674
77.6                                 160.635
77.65                                 160.978
77.7                                 161.024
77.75                                 161.002
77.8                                     161
77.85                                 161.025
77.9                                 162.184
77.95                                   163.3
78                                 163.374
78.05                                  163.43
78.1                                 163.454
78.15                                 163.454
78.2                                 163.454
78.25                                 135.378
78.3                                 116.588
78.35                                 115.419
78.4                                 117.419
78.45                                  117.81
78.5                                 118.622
78.55                                 119.993
78.6                                  120.17
78.65                                 120.195
78.7                                 120.088
78.75                                  122.23
78.8                                 122.604
78.85                                 122.462
78.9                                 124.137
78.95                                 124.948
79                                 124.901
79.05                                 124.983
79.1                                 127.053
79.15                                 127.243
79.2                                 127.389
79.25                                 127.373
79.3                                 129.203
79.35                                  129.74
79.4                                 129.799
79.45                                 129.828
79.5                                 131.308
79.55                                 132.206
79.6                                 132.221
79.65                                 132.126
79.7                                 132.255
79.75                                 132.599
79.8                                  134.46
79.85                                 134.644
79.9                                 134.571
79.95                                 134.584
80                                 134.652
80.05                                 135.608
80.1                                 136.901
80.15                                 136.994
80.2                                     137
80.25                                 136.985
80.3                                 136.999
80.35                                     137
80.4                                 136.987
80.45                                 136.999
80.5                                     137
80.55                                 136.987
80.6                                 136.999
80.65                                 137.769
80.7                                   139.2
80.75                                  139.42
80.8                                 139.374
80.85                                  139.41
80.9                                 139.374
80.95                                 139.375
81                                  139.41
81.05                                 139.374
81.1                                 139.453
81.15                                 139.359
81.2                                 139.374
81.25                                 139.453
81.3                                 139.359
81.35                                 139.452
81.4                                 139.396
81.45                                 139.359
81.5                                 139.452
81.55                                 139.396
81.6                                 139.439
81.65                                 139.396
81.7                                 139.347
81.75                                 139.439
81.8                                 139.396
81.85                                 139.347
81.9                                 139.384
81.95                                 139.346
82                                 139.347
82.05                                 139.384
82.1                                 139.346
82.15                                 139.428
82.2                                 139.311
82.25                                 139.344
82.3                                 139.428
82.35                                 139.326
82.4                                 139.427
82.45                                 139.375
82.5                                 139.326
82.55                                 139.427
82.6                                 139.375
82.65                                  139.41
82.7                                 139.374
82.75                                 139.375
82.8                                  139.41
82.85                                 139.374
82.9                                 139.453
82.95                                 139.359
83                                 139.374
83.05                                 139.453
83.1                                 139.359
83.15                                 139.452
83.2                                 139.396
83.25                                 139.359
83.3                                 139.452
83.35                                 139.396
83.4                                 139.439
83.45                                 139.396
83.5                                 139.347
83.55                                 139.439
83.6                                 139.396
83.65                                 139.347
83.7                                 139.355
83.75                                 141.451
83.8                                 141.723
83.85                                 141.829
83.9                                 141.742
83.95                                 141.775
84                                 141.726
84.05                                 141.742
84.1                                 141.775
84.15                                 141.726
84.2                                 143.926
84.25                                 144.136
84.3                                 144.183
84.35                                 144.171
84.4                                  144.15
84.45                                 144.161
84.5                                 145.982
84.55                                 146.508
84.6                                 146.617
84.65                                 146.546
84.7                                 146.604
84.75                                 148.448
84.8                                 148.962
84.85                                 148.998
84.9                                     149
84.95                                 150.387
85                                 151.332
85.05                                 151.376
85.1                                 151.453
85.15                                 153.303
85.2                                 153.773
85.25                                 153.846
85.3                                 154.938
85.35                                 156.203
85.4                                 156.221
85.45                                 157.133
85.5                                 158.608
85.55                                 158.569
85.6                                 160.157
85.65                                 161.005
85.7                                     161
85.75                                 163.181
85.8                                 163.272
85.85                                 163.272
85.9                                 163.272
85.95                                 163.272
86                                 163.272
86.05                                  119.06
86.1                                 116.689
86.15                                 117.652
86.2                                 119.972
86.25                                 121.111
86.3                                 122.563
86.35                                 124.454
86.4                                 124.923
86.45                                 127.089
86.5                                 127.329
86.55                                 129.647
86.6                                 130.325
86.65                                 132.059
86.7                                 132.928
86.75                                 134.458
86.8                                 134.868
86.85                                 136.846
86.9                                 136.991
86.95                                  139.18
87                                 139.312
87.05                                 141.355
87.1                                 141.778
87.15                                  142.78
87.2                                 144.066
87.25                                 144.145
87.3                                 146.125
87.35                                 146.517
87.4                                 146.602
87.45                                 148.709
87.5                                  148.98
87.55                                 148.999
87.6                                     149
87.65                                 150.048
87.7                                 151.311
87.75                                  151.38
87.8                                 151.453
87.85                                  153.48
87.9                                 153.826
87.95                                 153.849
88                                 154.792
88.05                                 156.193
88.1                                 156.221
88.15                                 156.196
88.2                                 156.254
88.25                                 157.948
88.3                                 158.528
88.35                                 158.692
88.4                                 158.574
88.45                                 158.625
88.5                                 160.718
88.55                                  160.98
88.6                                 160.999
88.65                                 161.049
88.7                                 161.003
88.75                                     161
88.8                                 161.972
88.85                                 163.345
88.9                                  163.37
88.95                                 163.441
89                                 163.386
89.05                                 163.386
89.1                                 163.386
89.15                                 132.873
89.2                                  116.56
89.25                                  115.42
89.3                                 117.525
89.35                                 117.762
89.4                                 118.748
89.45                                 120.096
89.5                                 120.166
89.55                                 120.155
89.6                                 120.169
89.65                                 122.257
89.7                                 122.463
89.75                                 122.618
89.8                                 124.279
89.85                                 124.891
89.9                                 124.993
89.95                                     125
90                                 127.036
90.05                                 127.351
90.1                                 127.452
90.15                                 127.321
90.2                                 129.161
90.25                                 129.789
90.3                                 129.751
90.35                                 129.825
90.4                                 131.401
90.45                                 132.047
90.5                                  132.25
90.55                                 132.224
90.6                                 132.216
90.65                                 132.816
90.7                                  134.46
90.75                                 134.559
90.8                                  134.65
90.85                                 134.571
90.9                                 134.621
90.95                                 135.752
91                                 136.914
91.05                                 136.966
91.1                                 136.998
91.15                                     137
91.2                                 136.926
91.25                                 136.995
91.3                                     137
91.35                                 136.951
91.4                                 136.997
91.45                                     137
91.5                                 136.951
91.55                                 137.782
91.6                                 139.275
91.65                                 139.386
91.7                                 139.372
91.75                                 139.375
91.8                                 139.392
91.85                                 139.373
91.9                                 139.453
91.95                                 139.343
92                                 139.373
92.05                                 139.453
92.1                                 139.343
92.15                                 139.451
92.2                                 139.396
92.25                                 139.343
92.3                                 139.451
92.35                                 139.396
92.4                                 139.425
92.45                                 139.395
92.5                                 139.347
92.55                                 139.425
92.6                                 139.395
92.65                                 139.347
92.7                                 139.316
92.75                                 139.342
92.8                                 139.347
92.85                                 139.349
92.9                                 139.344
92.95                                 139.428
93                                 139.305
93.05                                 139.344
93.1                                 139.428
93.15                                 139.305
93.2                                 139.426
93.25                                 139.375
93.3                                 139.305
93.35                                 139.426
93.4                                 139.375
93.45                                 139.392
93.5                                 139.373
93.55                                 139.375
93.6                                 139.392
93.65                                 139.373
93.7                                 139.453
93.75                                 139.343
93.8                                 139.373
93.85                                 139.453
93.9                                 139.343
93.95                                 139.451
94                                 139.396
94.05                                 139.343
94.1                                 139.451
94.15                                 139.396
94.2                                 139.361
94.25                                 139.391
94.3                                 139.347
94.35                                 139.399
94.4                                 139.393
94.45                                 139.347
94.5                                 139.349
94.55                                 139.344
94.6                                 139.347
94.65                                 141.529
94.7                                 141.724
94.75                                 141.774
94.8                                  141.71
94.85                                 141.741
94.9                                 141.775
94.95                                  141.71
95                                 141.773
95.05                                 141.803
95.1                                 143.919
95.15                                 144.155
95.2                                 144.149
95.25                                 144.151
95.3                                 144.149
95.35                                  144.15
95.4                                 146.062
95.45                                 146.513
95.5                                 146.601
95.55                                 146.537
95.6                                 146.546
95.65                                 148.435
95.7                                 148.893
95.75                                 148.993
95.8                                     149
95.85                                 150.295
95.9                                 151.388
95.95                                 151.393
96                                 151.472
96.05                                 153.362
96.1                                 153.714
96.15                                 153.866
96.2                                 155.009
96.25                                 156.123
96.3                                 156.277
96.35                                 157.356
96.4                                 158.487
96.45                                 158.729
96.5                                 160.291
96.55                                 160.957
96.6                                 161.093
96.65                                   163.1
96.7                                 163.322
96.75                                 163.322
96.8                                 163.322
96.85                                 163.322
96.9                                 163.322
96.95                                 118.713
97                                 116.696
97.05                                 117.514
97.1                                 119.989
97.15                                 121.339
97.2                                  122.49
97.25                                 124.507
97.3                                 124.966
97.35                                 127.066
97.4                                 127.327
97.45                                 129.629
97.5                                 130.549
97.55                                 132.082
97.6                                 133.046
97.65                                  134.42
97.7                                 135.194
97.75                                 136.891
97.8                                 136.943
97.85                                 139.237
97.9                                 139.363
97.95                                 141.284
98                                 141.774
98.05                                 142.725
98.1                                 144.045
98.15                                 144.143
98.2                                 146.185
98.25                                 146.503
98.3                                 146.544
98.35                                 148.754
98.4                                 148.985
98.45                                 148.999
98.5                                     149
98.55                                 150.021
98.6                                 151.371
98.65                                 151.391
98.7                                 151.472
98.75                                  153.52
98.8                                 153.723
98.85                                 153.867
98.9                                 154.789
98.95                                  156.11
99                                 156.276
99.05                                   156.2
99.1                                 156.197
99.15                                 158.089
99.2                                 158.537
99.25                                 158.623
99.3                                 158.642
99.35                                 158.576
99.4                                 160.622
99.45                                 160.977
99.5                                 160.999
99.55                                     161
99.6                                     161
99.65                                 161.011
99.7                                 162.158
99.75                                 163.379
99.8                                 163.383
99.85                                 163.376
99.9                                 163.397
99.95                                 163.397
