0.1                                       0
0.15                                   14480
0.2                                   27512
0.25                                   53576
0.3                                   99912
0.35                                  157832
0.4                                  218648
0.45                                  279464
0.5                                  340280
0.55                                  384429
0.6                                  275120
0.65                                  175208
0.7                                  114392
0.75                                  196204
0.8                                  196204
0.85                                  196204
0.9                                  196204
0.95                                  196204
1                                  196204
1.05                                  197652
1.1                                  197652
1.15                                  197652
1.2                                  192553
1.25                                  150592
1.3                                   98464
1.35                                   98464
1.4                                  103170
1.45                                  104618
1.5                                  104618
1.55                                  106066
1.6                                  106066
1.65                                  107514
1.7                                  107514
1.75                                  108962
1.8                                  110410
1.85                                  110410
1.9                                  111858
1.95                                  111858
2                                  113306
2.05                                  113306
2.1                                  114754
2.15                                  114754
2.2                                  116202
2.25                                  116202
2.3                                  117650
2.35                                  117650
2.4                                  119098
2.45                                  119098
2.5                                  120546
2.55                                  120546
2.6                                  121994
2.65                                  121994
2.7                                  123442
2.75                                  123442
2.8                                  124890
2.85                                  124890
2.9                                  126338
2.95                                  126338
3                                  127786
3.05                                  127786
3.1                                  129234
3.15                                  129234
3.2                                  130682
3.25                                  130682
3.3                                  132130
3.35                                  132130
3.4                                  132130
3.45                                  133578
3.5                                  133578
3.55                                  135026
3.6                                  135026
3.65                                  136474
3.7                                  136474
3.75                                  137922
3.8                                  137922
3.85                                  137922
3.9                                  139370
3.95                                  139370
4                                  140818
4.05                                  140818
4.1                                  142266
4.15                                  142266
4.2                                  143714
4.25                                  143714
4.3                                  143714
4.35                                  145162
4.4                                  145162
4.45                                  146610
4.5                                  146610
4.55                                  146610
4.6                                  148058
4.65                                  148058
4.7                                  149506
4.75                                  149506
4.8                                  149506
4.85                                  150954
4.9                                  150954
4.95                                  152402
5                                  152402
5.05                                  152402
5.1                                  153850
5.15                                  153850
5.2                                  155298
5.25                                  155298
5.3                                  155298
5.35                                  156746
5.4                                  156746
5.45                                  158194
5.5                                  158194
5.55                                  158194
5.6                                  159642
5.65                                  159642
5.7                                  159642
5.75                                  161090
5.8                                  161090
5.85                                  162538
5.9                                  162538
5.95                                  162538
6                                  163986
6.05                                  163986
6.1                                  163986
6.15                                  165434
6.2                                  165434
6.25                                  166882
6.3                                  166882
6.35                                  166882
6.4                                  168330
6.45                                  168330
6.5                                  168330
6.55                                  169778
6.6                                  169778
6.65                                  169778
6.7                                  171226
6.75                                  171226
6.8                                  171226
6.85                                  172674
6.9                                  172674
6.95                                  172674
7                                  174122
7.05                                  174122
7.1                                  175570
7.15                                  175570
7.2                                  175570
7.25                                  177018
7.3                                  177018
7.35                                  177018
7.4                                  178466
7.45                                  178466
7.5                                  178466
7.55                                  179914
7.6                                  179914
7.65                                  179914
7.7                                  181362
7.75                                  181362
7.8                                  181362
7.85                                  182810
7.9                                  182810
7.95                                  182810
8                                  184258
8.05                                  184258
8.1                                  184258
8.15                                  185706
8.2                                  185706
8.25                                  185706
8.3                                  187154
8.35                                  187154
8.4                                  187154
8.45                                  188602
8.5                                  188602
8.55                                  188602
8.6                                  188602
8.65                                  190050
8.7                                  190050
8.75                                  190050
8.8                                  191498
8.85                                  191498
8.9                                  191498
8.95                                  192946
9                                  192946
9.05                                  192946
9.1                                  194394
9.15                                  194394
9.2                                  194394
9.25                                  195842
9.3                                  195842
9.35                                  195842
9.4                                  195842
9.45                                  197290
9.5                                  197290
9.55                                  197290
9.6                                  175685
9.65                                  115840
9.7                                   98464
9.75                                  102989
9.8                                  102989
9.85                                  104437
9.9                                  104437
9.95                                  105885
10                                  107333
10.05                                  107333
10.1                                  108781
10.15                                  108781
10.2                                  110229
10.25                                  110229
10.3                                  111677
10.35                                  111677
10.4                                  113125
10.45                                  114573
10.5                                  114573
10.55                                  116021
10.6                                  116021
10.65                                  117469
10.7                                  117469
10.75                                  118917
10.8                                  118917
10.85                                  120365
10.9                                  120365
10.95                                  121813
11                                  121813
11.05                                  123261
11.1                                  123261
11.15                                  124709
11.2                                  124709
11.25                                  126157
11.3                                  126157
11.35                                  127605
11.4                                  127605
11.45                                  129053
11.5                                  129053
11.55                                  129053
11.6                                  130501
11.65                                  130501
11.7                                  131949
11.75                                  131949
11.8                                  133397
11.85                                  133397
11.9                                  134845
11.95                                  134845
12                                  136293
12.05                                  136293
12.1                                  136293
12.15                                  137741
12.2                                  137741
12.25                                  139189
12.3                                  139189
12.35                                  140637
12.4                                  140637
12.45                                  140637
12.5                                  142085
12.55                                  142085
12.6                                  143533
12.65                                  143533
12.7                                  144981
12.75                                  144981
12.8                                  144981
12.85                                  146429
12.9                                  146429
12.95                                  147877
13                                  147877
13.05                                  147877
13.1                                  149325
13.15                                  149325
13.2                                  150773
13.25                                  150773
13.3                                  150773
13.35                                  152221
13.4                                  152221
13.45                                  153669
13.5                                  153669
13.55                                  153669
13.6                                  155117
13.65                                  155117
13.7                                  156565
13.75                                  156565
13.8                                  156565
13.85                                  158013
13.9                                  158013
13.95                                  159461
14                                  159461
14.05                                  159461
14.1                                  160909
14.15                                  160909
14.2                                  160909
14.25                                  162357
14.3                                  162357
14.35                                  163805
14.4                                  163805
14.45                                  163805
14.5                                  165253
14.55                                  165253
14.6                                  165253
14.65                                  166701
14.7                                  166701
14.75                                  166701
14.8                                  168149
14.85                                  168149
14.9                                  169597
14.95                                  169597
15                                  169597
15.05                                  171045
15.1                                  171045
15.15                                  171045
15.2                                  172493
15.25                                  172493
15.3                                  172493
15.35                                  173941
15.4                                  173941
15.45                                  173941
15.5                                  175389
15.55                                  175389
15.6                                  175389
15.65                                  176837
15.7                                  176837
15.75                                  176837
15.8                                  178285
15.85                                  178285
15.9                                  178285
15.95                                  179733
16                                  179733
16.05                                  179733
16.1                                  181181
16.15                                  181181
16.2                                  181181
16.25                                  182629
16.3                                  182629
16.35                                  182629
16.4                                  184077
16.45                                  184077
16.5                                  184077
16.55                                  185525
16.6                                  185525
16.65                                  185525
16.7                                  186973
16.75                                  186973
16.8                                  186973
16.85                                  188421
16.9                                  188421
16.95                                  188421
17                                  189869
17.05                                  189869
17.1                                  189869
17.15                                  191317
17.2                                  191317
17.25                                  191317
17.3                                  192765
17.35                                  192765
17.4                                  192765
17.45                                  194213
17.5                                  194213
17.55                                  194213
17.6                                  194213
17.65                                  195661
17.7                                  195661
17.75                                  195661
17.8                                  197109
17.85                                  197109
17.9                                  197109
17.95                                  188876
18                                  141904
18.05                                   98464
18.1                                   98464
18.15                                  102898
18.2                                  104346
18.25                                  104346
18.3                                  105794
18.35                                  105794
18.4                                  107242
18.45                                  108690
18.5                                  108690
18.55                                  110138
18.6                                  110138
18.65                                  111586
18.7                                  111586
18.75                                  113034
18.8                                  113034
18.85                                  114482
18.9                                  114482
18.95                                  115930
19                                  115930
19.05                                  117378
19.1                                  117378
19.15                                  118826
19.2                                  118826
19.25                                  120274
19.3                                  120274
19.35                                  121722
19.4                                  121722
19.45                                  123170
19.5                                  123170
19.55                                  124618
19.6                                  124618
19.65                                  126066
19.7                                  126066
19.75                                  127514
19.8                                  127514
19.85                                  128962
19.9                                  128962
19.95                                  130410
20                                  130410
20.05                                  131858
20.1                                  131858
20.15                                  133306
20.2                                  133306
20.25                                  133306
20.3                                  134754
20.35                                  134754
20.4                                  136202
20.45                                  136202
20.5                                  137650
20.55                                  137650
20.6                                  139098
20.65                                  139098
20.7                                  139098
20.75                                  140546
20.8                                  140546
20.85                                  141994
20.9                                  141994
20.95                                  143442
21                                  143442
21.05                                  143442
21.1                                  144890
21.15                                  144890
21.2                                  146338
21.25                                  146338
21.3                                  146338
21.35                                  147786
21.4                                  147786
21.45                                  149234
21.5                                  149234
21.55                                  149234
21.6                                  150682
21.65                                  150682
21.7                                  152130
21.75                                  152130
21.8                                  152130
21.85                                  153578
21.9                                  153578
21.95                                  155026
22                                  155026
22.05                                  155026
22.1                                  156474
22.15                                  156474
22.2                                  157922
22.25                                  157922
22.3                                  157922
22.35                                  159370
22.4                                  159370
22.45                                  160818
22.5                                  160818
22.55                                  160818
22.6                                  162266
22.65                                  162266
22.7                                  162266
22.75                                  163714
22.8                                  163714
22.85                                  163714
22.9                                  165162
22.95                                  165162
23                                  166610
23.05                                  166610
23.1                                  166610
23.15                                  168058
23.2                                  168058
23.25                                  168058
23.3                                  169506
23.35                                  169506
23.4                                  169506
23.45                                  170954
23.5                                  170954
23.55                                  172402
23.6                                  172402
23.65                                  172402
23.7                                  173850
23.75                                  173850
23.8                                  173850
23.85                                  175298
23.9                                  175298
23.95                                  175298
24                                  176746
24.05                                  176746
24.1                                  176746
24.15                                  178194
24.2                                  178194
24.25                                  178194
24.3                                  179642
24.35                                  179642
24.4                                  179642
24.45                                  181090
24.5                                  181090
24.55                                  181090
24.6                                  182538
24.65                                  182538
24.7                                  182538
24.75                                  183986
24.8                                  183986
24.85                                  183986
24.9                                  185434
24.95                                  185434
25                                  185434
25.05                                  186882
25.1                                  186882
25.15                                  186882
25.2                                  188330
25.25                                  188330
25.3                                  188330
25.35                                  189778
25.4                                  189778
25.45                                  189778
25.5                                  189778
25.55                                  191226
25.6                                  191226
25.65                                  191226
25.7                                  192674
25.75                                  192674
25.8                                  192674
25.85                                  194122
25.9                                  194122
25.95                                  194122
26                                  195570
26.05                                  195570
26.1                                  195570
26.15                                  197018
26.2                                  197018
26.25                                  197018
26.3                                  197018
26.35                                  167968
26.4                                  107152
26.45                                   98464
26.5                                  102853
26.55                                  102853
26.6                                  104301
26.65                                  105749
26.7                                  105749
26.75                                  107197
26.8                                  107197
26.85                                  108645
26.9                                  108645
26.95                                  110093
27                                  110093
27.05                                  111541
27.1                                  112989
27.15                                  112989
27.2                                  114437
27.25                                  114437
27.3                                  115885
27.35                                  115885
27.4                                  117333
27.45                                  117333
27.5                                  118781
27.55                                  118781
27.6                                  120229
27.65                                  120229
27.7                                  121677
27.75                                  121677
27.8                                  123125
27.85                                  123125
27.9                                  124573
27.95                                  124573
28                                  126021
28.05                                  126021
28.1                                  127469
28.15                                  127469
28.2                                  128917
28.25                                  128917
28.3                                  130365
28.35                                  130365
28.4                                  130365
28.45                                  131813
28.5                                  131813
28.55                                  133261
28.6                                  133261
28.65                                  134709
28.7                                  134709
28.75                                  136157
28.8                                  136157
28.85                                  137605
28.9                                  137605
28.95                                  137605
29                                  139053
29.05                                  139053
29.1                                  140501
29.15                                  140501
29.2                                  141949
29.25                                  141949
29.3                                  141949
29.35                                  143397
29.4                                  143397
29.45                                  144845
29.5                                  144845
29.55                                  144845
29.6                                  146293
29.65                                  146293
29.7                                  147741
29.75                                  147741
29.8                                  149189
29.85                                  149189
29.9                                  149189
29.95                                  150637
30                                  150637
30.05                                  152085
30.1                                  152085
30.15                                  152085
30.2                                  153533
30.25                                  153533
30.3                                  154981
30.35                                  154981
30.4                                  154981
30.45                                  156429
30.5                                  156429
30.55                                  156429
30.6                                  157877
30.65                                  157877
30.7                                  159325
30.75                                  159325
30.8                                  159325
30.85                                  160773
30.9                                  160773
30.95                                  160773
31                                  162221
31.05                                  162221
31.1                                  163669
31.15                                  163669
31.2                                  163669
31.25                                  165117
31.3                                  165117
31.35                                  165117
31.4                                  166565
31.45                                  166565
31.5                                  166565
31.55                                  168013
31.6                                  168013
31.65                                  169461
31.7                                  169461
31.75                                  169461
31.8                                  170909
31.85                                  170909
31.9                                  170909
31.95                                  172357
32                                  172357
32.05                                  172357
32.1                                  173805
32.15                                  173805
32.2                                  173805
32.25                                  175253
32.3                                  175253
32.35                                  175253
32.4                                  176701
32.45                                  176701
32.5                                  176701
32.55                                  178149
32.6                                  178149
32.65                                  179597
32.7                                  179597
32.75                                  179597
32.8                                  181045
32.85                                  181045
32.9                                  181045
32.95                                  182493
33                                  182493
33.05                                  182493
33.1                                  183941
33.15                                  183941
33.2                                  183941
33.25                                  183941
33.3                                  185389
33.35                                  185389
33.4                                  185389
33.45                                  186837
33.5                                  186837
33.55                                  186837
33.6                                  188285
33.65                                  188285
33.7                                  188285
33.75                                  189733
33.8                                  189733
33.85                                  189733
33.9                                  191181
33.95                                  191181
34                                  191181
34.05                                  192629
34.1                                  192629
34.15                                  192629
34.2                                  194077
34.25                                  194077
34.3                                  194077
34.35                                  194077
34.4                                  195525
34.45                                  195525
34.5                                  195525
34.55                                  196973
34.6                                  196973
34.65                                  196973
34.7                                  184465
34.75                                  133216
34.8                                   98464
34.85                                  102830
34.9                                  102830
34.95                                  104278
35                                  104278
35.05                                  105726
35.1                                  105726
35.15                                  107174
35.2                                  108622
35.25                                  108622
35.3                                  110070
35.35                                  110070
35.4                                  111518
35.45                                  111518
35.5                                  112966
35.55                                  112966
35.6                                  114414
35.65                                  114414
35.7                                  115862
35.75                                  115862
35.8                                  117310
35.85                                  118758
35.9                                  118758
35.95                                  120206
36                                  120206
36.05                                  121654
36.1                                  121654
36.15                                  123102
36.2                                  123102
36.25                                  124550
36.3                                  124550
36.35                                  124550
36.4                                  125998
36.45                                  125998
36.5                                  127446
36.55                                  127446
36.6                                  128894
36.65                                  128894
36.7                                  130342
36.75                                  130342
36.8                                  131790
36.85                                  131790
36.9                                  133238
36.95                                  133238
37                                  134686
37.05                                  134686
37.1                                  134686
37.15                                  136134
37.2                                  136134
37.25                                  137582
37.3                                  137582
37.35                                  139030
37.4                                  139030
37.45                                  139030
37.5                                  140478
37.55                                  140478
37.6                                  141926
37.65                                  141926
37.7                                  143374
37.75                                  143374
37.8                                  143374
37.85                                  144822
37.9                                  144822
37.95                                  146270
38                                  146270
38.05                                  147718
38.1                                  147718
38.15                                  147718
38.2                                  149166
38.25                                  149166
38.3                                  150614
38.35                                  150614
38.4                                  150614
38.45                                  152062
38.5                                  152062
38.55                                  153510
38.6                                  153510
38.65                                  153510
38.7                                  154958
38.75                                  154958
38.8                                  154958
38.85                                  156406
38.9                                  156406
38.95                                  157854
39                                  157854
39.05                                  157854
39.1                                  159302
39.15                                  159302
39.2                                  160750
39.25                                  160750
39.3                                  160750
39.35                                  162198
39.4                                  162198
39.45                                  162198
39.5                                  163646
39.55                                  163646
39.6                                  165094
39.65                                  165094
39.7                                  165094
39.75                                  166542
39.8                                  166542
39.85                                  166542
39.9                                  167990
39.95                                  167990
40                                  167990
40.05                                  169438
40.1                                  169438
40.15                                  169438
40.2                                  170886
40.25                                  170886
40.3                                  172334
40.35                                  172334
40.4                                  172334
40.45                                  173782
40.5                                  173782
40.55                                  173782
40.6                                  175230
40.65                                  175230
40.7                                  175230
40.75                                  176678
40.8                                  176678
40.85                                  176678
40.9                                  178126
40.95                                  178126
41                                  178126
41.05                                  179574
41.1                                  179574
41.15                                  179574
41.2                                  181022
41.25                                  181022
41.3                                  181022
41.35                                  182470
41.4                                  182470
41.45                                  182470
41.5                                  183918
41.55                                  183918
41.6                                  183918
41.65                                  185366
41.7                                  185366
41.75                                  185366
41.8                                  186814
41.85                                  186814
41.9                                  186814
41.95                                  188262
42                                  188262
42.05                                  188262
42.1                                  189710
42.15                                  189710
42.2                                  189710
42.25                                  191158
42.3                                  191158
42.35                                  191158
42.4                                  191158
42.45                                  192606
42.5                                  192606
42.55                                  192606
42.6                                  194054
42.65                                  194054
42.7                                  194054
42.75                                  195502
42.8                                  195502
42.85                                  195502
42.9                                  196950
42.95                                  196950
43                                  196950
43.05                                  196950
43.1                                  159280
43.15                                   99912
43.2                                   98464
43.25                                  102819
43.3                                  102819
43.35                                  104267
43.4                                  105715
43.45                                  105715
43.5                                  107163
43.55                                  107163
43.6                                  108611
43.65                                  108611
43.7                                  110059
43.75                                  111507
43.8                                  111507
43.85                                  112955
43.9                                  112955
43.95                                  114403
44                                  114403
44.05                                  115851
44.1                                  115851
44.15                                  117299
44.2                                  117299
44.25                                  118747
44.3                                  118747
44.35                                  120195
44.4                                  120195
44.45                                  121643
44.5                                  121643
44.55                                  123091
44.6                                  123091
44.65                                  124539
44.7                                  124539
44.75                                  125987
44.8                                  125987
44.85                                  127435
44.9                                  127435
44.95                                  128883
45                                  128883
45.05                                  130331
45.1                                  130331
45.15                                  131779
45.2                                  131779
45.25                                  131779
45.3                                  133227
45.35                                  133227
45.4                                  134675
45.45                                  134675
45.5                                  136123
45.55                                  136123
45.6                                  137571
45.65                                  137571
45.7                                  137571
45.75                                  139019
45.8                                  139019
45.85                                  140467
45.9                                  140467
45.95                                  141915
46                                  141915
46.05                                  141915
46.1                                  143363
46.15                                  143363
46.2                                  144811
46.25                                  144811
46.3                                  146259
46.35                                  146259
46.4                                  146259
46.45                                  147707
46.5                                  147707
46.55                                  149155
46.6                                  149155
46.65                                  149155
46.7                                  150603
46.75                                  150603
46.8                                  152051
46.85                                  152051
46.9                                  152051
46.95                                  153499
47                                  153499
47.05                                  154947
47.1                                  154947
47.15                                  154947
47.2                                  156395
47.25                                  156395
47.3                                  156395
47.35                                  157843
47.4                                  157843
47.45                                  159291
47.5                                  159291
47.55                                  159291
47.6                                  160739
47.65                                  160739
47.7                                  162187
47.75                                  162187
47.8                                  162187
47.85                                  163635
47.9                                  163635
47.95                                  163635
48                                  165083
48.05                                  165083
48.1                                  165083
48.15                                  166531
48.2                                  166531
48.25                                  167979
48.3                                  167979
48.35                                  167979
48.4                                  169427
48.45                                  169427
48.5                                  169427
48.55                                  170875
48.6                                  170875
48.65                                  170875
48.7                                  172323
48.75                                  172323
48.8                                  172323
48.85                                  173771
48.9                                  173771
48.95                                  173771
49                                  175219
49.05                                  175219
49.1                                  176667
49.15                                  176667
49.2                                  176667
49.25                                  178115
49.3                                  178115
49.35                                  178115
49.4                                  179563
49.45                                  179563
49.5                                  179563
49.55                                  181011
49.6                                  181011
49.65                                  181011
49.7                                  182459
49.75                                  182459
49.8                                  182459
49.85                                  183907
49.9                                  183907
49.95                                  183907
50                                  185355
50.05                                  185355
50.1                                  185355
50.15                                  186803
50.2                                  186803
50.25                                  186803
50.3                                  186803
50.35                                  188251
50.4                                  188251
50.45                                  188251
50.5                                  189699
50.55                                  189699
50.6                                  189699
50.65                                  191147
50.7                                  191147
50.75                                  191147
50.8                                  192595
50.85                                  192595
50.9                                  192595
50.95                                  194043
51                                  194043
51.05                                  194043
51.1                                  195491
51.15                                  195491
51.2                                  195491
51.25                                  195491
51.3                                  196939
51.35                                  196939
51.4                                  196939
51.45                                  180057
51.5                                  125976
51.55                                   98464
51.6                                  102813
51.65                                  102813
51.7                                  104261
51.75                                  104261
51.8                                  105709
51.85                                  107157
51.9                                  107157
51.95                                  108605
52                                  108605
52.05                                  110053
52.1                                  110053
52.15                                  111501
52.2                                  111501
52.25                                  112949
52.3                                  112949
52.35                                  114397
52.4                                  115845
52.45                                  115845
52.5                                  117293
52.55                                  117293
52.6                                  118741
52.65                                  118741
52.7                                  120189
52.75                                  120189
52.8                                  121637
52.85                                  121637
52.9                                  123085
52.95                                  123085
53                                  124533
53.05                                  124533
53.1                                  125981
53.15                                  125981
53.2                                  125981
53.25                                  127429
53.3                                  127429
53.35                                  128877
53.4                                  128877
53.45                                  130325
53.5                                  130325
53.55                                  131773
53.6                                  131773
53.65                                  133221
53.7                                  133221
53.75                                  134669
53.8                                  134669
53.85                                  134669
53.9                                  136117
53.95                                  136117
54                                  137565
54.05                                  137565
54.1                                  139013
54.15                                  139013
54.2                                  140461
54.25                                  140461
54.3                                  140461
54.35                                  141909
54.4                                  141909
54.45                                  143357
54.5                                  143357
54.55                                  144805
54.6                                  144805
54.65                                  144805
54.7                                  146253
54.75                                  146253
54.8                                  147701
54.85                                  147701
54.9                                  147701
54.95                                  149149
55                                  149149
55.05                                  150597
55.1                                  150597
55.15                                  150597
55.2                                  152045
55.25                                  152045
55.3                                  153493
55.35                                  153493
55.4                                  153493
55.45                                  154941
55.5                                  154941
55.55                                  156389
55.6                                  156389
55.65                                  156389
55.7                                  157837
55.75                                  157837
55.8                                  157837
55.85                                  159285
55.9                                  159285
55.95                                  160733
56                                  160733
56.05                                  160733
56.1                                  162181
56.15                                  162181
56.2                                  162181
56.25                                  163629
56.3                                  163629
56.35                                  165077
56.4                                  165077
56.45                                  165077
56.5                                  166525
56.55                                  166525
56.6                                  166525
56.65                                  167973
56.7                                  167973
56.75                                  167973
56.8                                  169421
56.85                                  169421
56.9                                  170869
56.95                                  170869
57                                  170869
57.05                                  172317
57.1                                  172317
57.15                                  172317
57.2                                  173765
57.25                                  173765
57.3                                  173765
57.35                                  175213
57.4                                  175213
57.45                                  175213
57.5                                  176661
57.55                                  176661
57.6                                  176661
57.65                                  178109
57.7                                  178109
57.75                                  178109
57.8                                  179557
57.85                                  179557
57.9                                  179557
57.95                                  181005
58                                  181005
58.05                                  181005
58.1                                  182453
58.15                                  182453
58.2                                  182453
58.25                                  183901
58.3                                  183901
58.35                                  183901
58.4                                  185349
58.45                                  185349
58.5                                  185349
58.55                                  186797
58.6                                  186797
58.65                                  186797
58.7                                  188245
58.75                                  188245
58.8                                  188245
58.85                                  189693
58.9                                  189693
58.95                                  189693
59                                  191141
59.05                                  191141
59.1                                  191141
59.15                                  192589
59.2                                  192589
59.25                                  192589
59.3                                  192589
59.35                                  194037
59.4                                  194037
59.45                                  194037
59.5                                  195485
59.55                                  195485
59.6                                  195485
59.65                                  196933
59.7                                  196933
59.75                                  196933
59.8                                  193277
59.85                                  152040
59.9                                   98464
59.95                                   98464
60                                  102810
60.05                                  104258
60.1                                  104258
60.15                                  105706
60.2                                  105706
60.25                                  107154
60.3                                  107154
60.35                                  108602
60.4                                  110050
60.45                                  110050
60.5                                  111498
60.55                                  111498
60.6                                  112946
60.65                                  112946
60.7                                  114394
60.75                                  114394
60.8                                  115842
60.85                                  115842
60.9                                  117290
60.95                                  117290
61                                  118738
61.05                                  118738
61.1                                  120186
61.15                                  120186
61.2                                  121634
61.25                                  121634
61.3                                  123082
61.35                                  123082
61.4                                  124530
61.45                                  124530
61.5                                  125978
61.55                                  125978
61.6                                  127426
61.65                                  127426
61.7                                  128874
61.75                                  128874
61.8                                  130322
61.85                                  130322
61.9                                  131770
61.95                                  131770
62                                  131770
62.05                                  133218
62.1                                  133218
62.15                                  134666
62.2                                  134666
62.25                                  136114
62.3                                  136114
62.35                                  137562
62.4                                  137562
62.45                                  137562
62.5                                  139010
62.55                                  139010
62.6                                  140458
62.65                                  140458
62.7                                  141906
62.75                                  141906
62.8                                  141906
62.85                                  143354
62.9                                  143354
62.95                                  144802
63                                  144802
63.05                                  146250
63.1                                  146250
63.15                                  146250
63.2                                  147698
63.25                                  147698
63.3                                  149146
63.35                                  149146
63.4                                  149146
63.45                                  150594
63.5                                  150594
63.55                                  152042
63.6                                  152042
63.65                                  152042
63.7                                  153490
63.75                                  153490
63.8                                  154938
63.85                                  154938
63.9                                  154938
63.95                                  156386
64                                  156386
64.05                                  157834
64.1                                  157834
64.15                                  157834
64.2                                  159282
64.25                                  159282
64.3                                  159282
64.35                                  160730
64.4                                  160730
64.45                                  162178
64.5                                  162178
64.55                                  162178
64.6                                  163626
64.65                                  163626
64.7                                  163626
64.75                                  165074
64.8                                  165074
64.85                                  166522
64.9                                  166522
64.95                                  166522
65                                  167970
65.05                                  167970
65.1                                  167970
65.15                                  169418
65.2                                  169418
65.25                                  169418
65.3                                  170866
65.35                                  170866
65.4                                  170866
65.45                                  172314
65.5                                  172314
65.55                                  172314
65.6                                  173762
65.65                                  173762
65.7                                  175210
65.75                                  175210
65.8                                  175210
65.85                                  176658
65.9                                  176658
65.95                                  176658
66                                  178106
66.05                                  178106
66.1                                  178106
66.15                                  179554
66.2                                  179554
66.25                                  179554
66.3                                  181002
66.35                                  181002
66.4                                  181002
66.45                                  182450
66.5                                  182450
66.55                                  182450
66.6                                  183898
66.65                                  183898
66.7                                  183898
66.75                                  185346
66.8                                  185346
66.85                                  185346
66.9                                  186794
66.95                                  186794
67                                  186794
67.05                                  188242
67.1                                  188242
67.15                                  188242
67.2                                  188242
67.25                                  189690
67.3                                  189690
67.35                                  189690
67.4                                  191138
67.45                                  191138
67.5                                  191138
67.55                                  192586
67.6                                  192586
67.65                                  192586
67.7                                  194034
67.75                                  194034
67.8                                  194034
67.85                                  195482
67.9                                  195482
67.95                                  195482
68                                  195482
68.05                                  196930
68.1                                  196930
68.15                                  196930
68.2                                  176384
68.25                                  117288
68.3                                   98464
68.35                                  102809
68.4                                  102809
68.45                                  104257
68.5                                  104257
68.55                                  105705
68.6                                  107153
68.65                                  107153
68.7                                  108601
68.75                                  108601
68.8                                  110049
68.85                                  110049
68.9                                  111497
68.95                                  111497
69                                  112945
69.05                                  114393
69.1                                  114393
69.15                                  115841
69.2                                  115841
69.25                                  117289
69.3                                  117289
69.35                                  118737
69.4                                  118737
69.45                                  120185
69.5                                  120185
69.55                                  121633
69.6                                  121633
69.65                                  123081
69.7                                  123081
69.75                                  124529
69.8                                  124529
69.85                                  125977
69.9                                  125977
69.95                                  127425
70                                  127425
70.05                                  128873
70.1                                  128873
70.15                                  128873
70.2                                  130321
70.25                                  130321
70.3                                  131769
70.35                                  131769
70.4                                  133217
70.45                                  133217
70.5                                  134665
70.55                                  134665
70.6                                  136113
70.65                                  136113
70.7                                  136113
70.75                                  137561
70.8                                  137561
70.85                                  139009
70.9                                  139009
70.95                                  140457
71                                  140457
71.05                                  140457
71.1                                  141905
71.15                                  141905
71.2                                  143353
71.25                                  143353
71.3                                  144801
71.35                                  144801
71.4                                  144801
71.45                                  146249
71.5                                  146249
71.55                                  147697
71.6                                  147697
71.65                                  147697
71.7                                  149145
71.75                                  149145
71.8                                  150593
71.85                                  150593
71.9                                  150593
71.95                                  152041
72                                  152041
72.05                                  153489
72.1                                  153489
72.15                                  153489
72.2                                  154937
72.25                                  154937
72.3                                  156385
72.35                                  156385
72.4                                  156385
72.45                                  157833
72.5                                  157833
72.55                                  159281
72.6                                  159281
72.65                                  159281
72.7                                  160729
72.75                                  160729
72.8                                  160729
72.85                                  162177
72.9                                  162177
72.95                                  163625
73                                  163625
73.05                                  163625
73.1                                  165073
73.15                                  165073
73.2                                  165073
73.25                                  166521
73.3                                  166521
73.35                                  166521
73.4                                  167969
73.45                                  167969
73.5                                  169417
73.55                                  169417
73.6                                  169417
73.65                                  170865
73.7                                  170865
73.75                                  170865
73.8                                  172313
73.85                                  172313
73.9                                  172313
73.95                                  173761
74                                  173761
74.05                                  173761
74.1                                  175209
74.15                                  175209
74.2                                  175209
74.25                                  176657
74.3                                  176657
74.35                                  176657
74.4                                  178105
74.45                                  178105
74.5                                  178105
74.55                                  179553
74.6                                  179553
74.65                                  179553
74.7                                  181001
74.75                                  181001
74.8                                  181001
74.85                                  182449
74.9                                  182449
74.95                                  182449
75                                  183897
75.05                                  183897
75.1                                  183897
75.15                                  185345
75.2                                  185345
75.25                                  185345
75.3                                  186793
75.35                                  186793
75.4                                  186793
75.45                                  188241
75.5                                  188241
75.55                                  188241
75.6                                  189689
75.65                                  189689
75.7                                  189689
75.75                                  191137
75.8                                  191137
75.85                                  191137
75.9                                  192585
75.95                                  192585
76                                  192585
76.05                                  192585
76.1                                  194033
76.15                                  194033
76.2                                  194033
76.25                                  195481
76.3                                  195481
76.35                                  195481
76.4                                  196929
76.45                                  196929
76.5                                  196929
76.55                                  188870
76.6                                  143352
76.65                                   98464
76.7                                   98464
76.75                                  102808
76.8                                  104256
76.85                                  104256
76.9                                  105704
76.95                                  105704
77                                  107152
77.05                                  108600
77.1                                  108600
77.15                                  110048
77.2                                  110048
77.25                                  111496
77.3                                  111496
77.35                                  112944
77.4                                  112944
77.45                                  114392
77.5                                  114392
77.55                                  115840
77.6                                  115840
77.65                                  117288
77.7                                  117288
77.75                                  118736
77.8                                  118736
77.85                                  120184
77.9                                  120184
77.95                                  121632
78                                  121632
78.05                                  123080
78.1                                  123080
78.15                                  124528
78.2                                  124528
78.25                                  125976
78.3                                  125976
78.35                                  127424
78.4                                  127424
78.45                                  128872
78.5                                  128872
78.55                                  130320
78.6                                  130320
78.65                                  131768
78.7                                  131768
78.75                                  133216
78.8                                  133216
78.85                                  133216
78.9                                  134664
78.95                                  134664
79                                  136112
79.05                                  136112
79.1                                  137560
79.15                                  137560
79.2                                  139008
79.25                                  139008
79.3                                  139008
79.35                                  140456
79.4                                  140456
79.45                                  141904
79.5                                  141904
79.55                                  143352
79.6                                  143352
79.65                                  143352
79.7                                  144800
79.75                                  144800
79.8                                  146248
79.85                                  146248
79.9                                  146248
79.95                                  147696
80                                  147696
80.05                                  149144
80.1                                  149144
80.15                                  149144
80.2                                  150592
80.25                                  150592
80.3                                  152040
80.35                                  152040
80.4                                  152040
80.45                                  153488
80.5                                  153488
80.55                                  154936
80.6                                  154936
80.65                                  154936
80.7                                  156384
80.75                                  156384
80.8                                  157832
80.85                                  157832
80.9                                  157832
80.95                                  159280
81                                  159280
81.05                                  160728
81.1                                  160728
81.15                                  160728
81.2                                  162176
81.25                                  162176
81.3                                  162176
81.35                                  163624
81.4                                  163624
81.45                                  163624
81.5                                  165072
81.55                                  165072
81.6                                  166520
81.65                                  166520
81.7                                  166520
81.75                                  167968
81.8                                  167968
81.85                                  167968
81.9                                  169416
81.95                                  169416
82                                  169416
82.05                                  170864
82.1                                  170864
82.15                                  170864
82.2                                  172312
82.25                                  172312
82.3                                  173760
82.35                                  173760
82.4                                  173760
82.45                                  175208
82.5                                  175208
82.55                                  175208
82.6                                  176656
82.65                                  176656
82.7                                  176656
82.75                                  178104
82.8                                  178104
82.85                                  178104
82.9                                  179552
82.95                                  179552
83                                  179552
83.05                                  181000
83.1                                  181000
83.15                                  181000
83.2                                  182448
83.25                                  182448
83.3                                  182448
83.35                                  183896
83.4                                  183896
83.45                                  183896
83.5                                  185344
83.55                                  185344
83.6                                  185344
83.65                                  186792
83.7                                  186792
83.75                                  186792
83.8                                  188240
83.85                                  188240
83.9                                  188240
83.95                                  189688
84                                  189688
84.05                                  189688
84.1                                  189688
84.15                                  191136
84.2                                  191136
84.25                                  191136
84.3                                  192584
84.35                                  192584
84.4                                  192584
84.45                                  194032
84.5                                  194032
84.55                                  194032
84.6                                  195480
84.65                                  195480
84.7                                  195480
84.75                                  196928
84.8                                  196928
84.85                                  196928
84.9                                  196928
84.95                                  169416
85                                  108600
85.05                                   98464
85.1                                  102808
85.15                                  102808
85.2                                  104256
85.25                                  105704
85.3                                  105704
85.35                                  107152
85.4                                  107152
85.45                                  108600
85.5                                  108600
85.55                                  110048
85.6                                  110048
85.65                                  111496
85.7                                  112944
85.75                                  112944
85.8                                  114392
85.85                                  114392
85.9                                  115840
85.95                                  115840
86                                  117288
86.05                                  117288
86.1                                  118736
86.15                                  118736
86.2                                  120184
86.25                                  120184
86.3                                  121632
86.35                                  121632
86.4                                  123080
86.45                                  123080
86.5                                  124528
86.55                                  124528
86.6                                  125976
86.65                                  125976
86.7                                  127424
86.75                                  127424
86.8                                  128872
86.85                                  128872
86.9                                  130320
86.95                                  130320
87                                  130320
87.05                                  131768
87.1                                  131768
87.15                                  133216
87.2                                  133216
87.25                                  134664
87.3                                  134664
87.35                                  136112
87.4                                  136112
87.45                                  136112
87.5                                  137560
87.55                                  137560
87.6                                  139008
87.65                                  139008
87.7                                  140456
87.75                                  140456
87.8                                  141904
87.85                                  141904
87.9                                  141904
87.95                                  143352
88                                  143352
88.05                                  144800
88.1                                  144800
88.15                                  144800
88.2                                  146248
88.25                                  146248
88.3                                  147696
88.35                                  147696
88.4                                  149144
88.45                                  149144
88.5                                  149144
88.55                                  150592
88.6                                  150592
88.65                                  152040
88.7                                  152040
88.75                                  152040
88.8                                  153488
88.85                                  153488
88.9                                  154936
88.95                                  154936
89                                  154936
89.05                                  156384
89.1                                  156384
89.15                                  156384
89.2                                  157832
89.25                                  157832
89.3                                  159280
89.35                                  159280
89.4                                  159280
89.45                                  160728
89.5                                  160728
89.55                                  160728
89.6                                  162176
89.65                                  162176
89.7                                  163624
89.75                                  163624
89.8                                  163624
89.85                                  165072
89.9                                  165072
89.95                                  165072
90                                  166520
90.05                                  166520
90.1                                  166520
90.15                                  167968
90.2                                  167968
90.25                                  169416
90.3                                  169416
90.35                                  169416
90.4                                  170864
90.45                                  170864
90.5                                  170864
90.55                                  172312
90.6                                  172312
90.65                                  172312
90.7                                  173760
90.75                                  173760
90.8                                  173760
90.85                                  175208
90.9                                  175208
90.95                                  175208
91                                  176656
91.05                                  176656
91.1                                  176656
91.15                                  178104
91.2                                  178104
91.25                                  178104
91.3                                  179552
91.35                                  179552
91.4                                  181000
91.45                                  181000
91.5                                  181000
91.55                                  182448
91.6                                  182448
91.65                                  182448
91.7                                  183896
91.75                                  183896
91.8                                  183896
91.85                                  183896
91.9                                  185344
91.95                                  185344
92                                  185344
92.05                                  186792
92.1                                  186792
92.15                                  186792
92.2                                  188240
92.25                                  188240
92.3                                  188240
92.35                                  189688
92.4                                  189688
92.45                                  189688
92.5                                  191136
92.55                                  191136
92.6                                  191136
92.65                                  192584
92.7                                  192584
92.75                                  192584
92.8                                  194032
92.85                                  194032
92.9                                  194032
92.95                                  194032
93                                  195480
93.05                                  195480
93.1                                  195480
93.15                                  196928
93.2                                  196928
93.25                                  196928
93.3                                  185198
93.35                                  134664
93.4                                   98464
93.45                                  102808
93.5                                  102808
93.55                                  104256
93.6                                  104256
93.65                                  105704
93.7                                  105704
93.75                                  107152
93.8                                  108600
93.85                                  108600
93.9                                  110048
93.95                                  110048
94                                  111496
94.05                                  111496
94.1                                  112944
94.15                                  112944
94.2                                  114392
94.25                                  114392
94.3                                  115840
94.35                                  115840
94.4                                  117288
94.45                                  118736
94.5                                  118736
94.55                                  120184
94.6                                  120184
94.65                                  121632
94.7                                  121632
94.75                                  123080
94.8                                  123080
94.85                                  124528
94.9                                  124528
94.95                                  124528
95                                  125976
95.05                                  125976
95.1                                  127424
95.15                                  127424
95.2                                  128872
95.25                                  128872
95.3                                  130320
95.35                                  130320
95.4                                  131768
95.45                                  131768
95.5                                  133216
95.55                                  133216
95.6                                  134664
95.65                                  134664
95.7                                  134664
95.75                                  136112
95.8                                  136112
95.85                                  137560
95.9                                  137560
95.95                                  139008
96                                  139008
96.05                                  139008
96.1                                  140456
96.15                                  140456
96.2                                  141904
96.25                                  141904
96.3                                  143352
96.35                                  143352
96.4                                  143352
96.45                                  144800
96.5                                  144800
96.55                                  146248
96.6                                  146248
96.65                                  147696
96.7                                  147696
96.75                                  147696
96.8                                  149144
96.85                                  149144
96.9                                  150592
96.95                                  150592
97                                  150592
97.05                                  152040
97.1                                  152040
97.15                                  153488
97.2                                  153488
97.25                                  153488
97.3                                  154936
97.35                                  154936
97.4                                  154936
97.45                                  156384
97.5                                  156384
97.55                                  157832
97.6                                  157832
97.65                                  157832
97.7                                  159280
97.75                                  159280
97.8                                  160728
97.85                                  160728
97.9                                  160728
97.95                                  162176
98                                  162176
98.05                                  162176
98.1                                  163624
98.15                                  163624
98.2                                  165072
98.25                                  165072
98.3                                  165072
98.35                                  166520
98.4                                  166520
98.45                                  166520
98.5                                  167968
98.55                                  167968
98.6                                  167968
98.65                                  169416
98.7                                  169416
98.75                                  169416
98.8                                  170864
98.85                                  170864
98.9                                  172312
98.95                                  172312
99                                  172312
99.05                                  173760
99.1                                  173760
99.15                                  173760
99.2                                  175208
99.25                                  175208
99.3                                  175208
99.35                                  176656
99.4                                  176656
99.45                                  176656
99.5                                  178104
99.55                                  178104
99.6                                  178104
99.65                                  179552
99.7                                  179552
99.75                                  179552
99.8                                  181000
99.85                                  181000
99.9                                  181000
99.95                                  182448
