0.15                                   40000
0.2                                 43148.7
0.25                                 47980.1
0.3                                 54689.5
0.35                                 59332.2
0.4                                 82536.5
0.45                                  107396
0.5                                  132883
0.55                                  155610
0.6                                  155610
0.65                                  155610
0.7                                  155610
0.75                                  155610
0.8                                  155610
0.85                                  155610
0.9                                  161648
0.95                                  163243
1                                  163422
1.05                                  163375
1.1                                  163379
1.15                                  163431
1.2                                  163347
1.25                                  163347
1.3                                  163347
1.35                                  163347
1.4                                  102213
1.45                                 85442.6
1.5                                 86284.3
1.55                                   86619
1.6                                 86569.4
1.65                                 88414.4
1.7                                 88951.6
1.75                                 88996.6
1.8                                 89368.9
1.85                                 91211.2
1.9                                 91420.3
1.95                                 91165.5
2                                 92883.4
2.05                                 93723.4
2.1                                 93561.5
2.15                                 93753.1
2.2                                 95774.6
2.25                                 95994.3
2.3                                 96148.4
2.35                                   96149
2.4                                 98190.4
2.45                                 98510.7
2.5                                 98544.4
2.55                                 98473.2
2.6                                  100711
2.65                                  100982
2.7                                  100888
2.75                                  100963
2.8                                  103120
2.85                                  103250
2.9                                  103420
2.95                                  103394
3                                  105189
3.05                                  105767
3.1                                  105846
3.15                                  105616
3.2                                  107275
3.25                                  108139
3.3                                  108048
3.35                                  108197
3.4                                  108195
3.45                                  110336
3.5                                  110539
3.55                                  110569
3.6                                  110480
3.65                                  112436
3.7                                  112966
3.75                                  112853
3.8                                  112977
3.85                                  112999
3.9                                  115062
3.95                                  115400
4                                  115373
4.05                                  115209
4.1                                  116770
4.15                                  117743
4.2                                  117715
4.25                                  117771
4.3                                  117801
4.35                                  119699
4.4                                  120093
4.45                                  120253
4.5                                  120115
4.55                                  120119
4.6                                  122319
4.65                                  122511
4.7                                  122576
4.75                                  122651
4.8                                  122462
4.85                                  124754
4.9                                  124985
4.95                                  124874
5                                  124978
5.05                                  124999
5.1                                  127093
5.15                                  127360
5.2                                  127345
5.25                                  127303
5.3                                  127328
5.35                                  129419
5.4                                  129756
5.45                                  129725
5.5                                  129774
5.55                                  129678
5.6                                  131509
5.65                                  132130
5.7                                  132148
5.75                                  132144
5.8                                  132149
5.85                                  133171
5.9                                  134517
5.95                                  134540
6                                  134603
6.05                                  134525
6.1                                  134545
6.15                                  136710
6.2                                  136963
6.25                                  136998
6.3                                  137000
6.35                                  136981
6.4                                  138386
6.45                                  139332
6.5                                  139435
6.55                                  139395
6.6                                  139347
6.65                                  139439
6.7                                  141479
6.75                                  141721
6.8                                  141838
6.85                                  141743
6.9                                  141743
6.95                                  141840
7                                  144052
7.05                                  144163
7.1                                  144165
7.15                                  144194
7.2                                  144172
7.25                                  145121
7.3                                  146537
7.35                                  146542
7.4                                  146565
7.45                                  146625
7.5                                  146547
7.55                                  148073
7.6                                  148944
7.65                                  148996
7.7                                  149000
7.75                                  149000
7.8                                  149000
7.85                                  150453
7.9                                  151311
7.95                                  151449
8                                  151380
8.05                                  151453
8.1                                  151396
8.15                                  152564
8.2                                  153753
8.25                                  153845
8.3                                  153838
8.35                                  153850
8.4                                  153743
8.45                                  154214
8.5                                  156101
8.55                                  156189
8.6                                  156210
8.65                                  156196
8.7                                  156196
8.75                                  156254
8.8                                  158331
8.85                                  158610
8.9                                  158607
8.95                                  158574
9                                  158625
9.05                                  158608
9.1                                  160265
9.15                                  160955
9.2                                  161046
9.25                                  161003
9.3                                  161000
9.35                                  161043
9.4                                  161003
9.45                                  163211
9.5                                  163474
9.55                                  163378
9.6                                  163398
9.65                                  163398
9.7                                  163398
9.75                                  146925
9.8                                   86833
9.85                                   86297
9.9                                 86438.4
9.95                                 86520.4
10                                 87778.8
10.05                                 88756.1
10.1                                   88945
10.15                                 88996.7
10.2                                 90802.2
10.25                                 91362.2
10.3                                   91371
10.35                                 91180.4
10.4                                 93569.6
10.45                                 93791.1
10.5                                 93633.1
10.55                                 94908.9
10.6                                 96064.5
10.65                                 96029.4
10.7                                 96112.6
10.75                                 97637.9
10.8                                 98372.6
10.85                                 98468.1
10.9                                 98598.8
10.95                                  100110
11                                  100888
11.05                                  100993
11.1                                  100810
11.15                                  102324
11.2                                  103328
11.25                                  103269
11.3                                  103342
11.35                                  104364
11.4                                  105564
11.45                                  105790
11.5                                  105740
11.55                                  105702
11.6                                  107960
11.65                                  108180
11.7                                  108087
11.75                                  108150
11.8                                  110133
11.85                                  110433
11.9                                  110524
11.95                                  110622
12                                  111057
12.05                                  112849
12.1                                  112991
12.15                                  112904
12.2                                  112961
12.25                                  114900
12.3                                  115329
12.35                                  115302
12.4                                  115370
12.45                                  115453
12.5                                  117550
12.55                                  117813
12.6                                  117849
12.65                                  117740
12.7                                  118861
12.75                                  120140
12.8                                  120198
12.85                                  120221
12.9                                  120196
12.95                                  121586
13                                  122591
13.05                                  122568
13.1                                  122607
13.15                                  122569
13.2                                  124286
13.25                                  124913
13.3                                  124995
13.35                                  125000
13.4                                  124962
13.45                                  126528
13.5                                  127379
13.55                                  127308
13.6                                  127426
13.65                                  127375
13.7                                  128606
13.75                                  129707
13.8                                  129799
13.85                                  129703
13.9                                  129799
13.95                                  130053
14                                  131991
14.05                                  132139
14.1                                  132256
14.15                                  132104
14.2                                  132147
14.25                                  134320
14.3                                  134487
14.35                                  134600
14.4                                  134653
14.45                                  134504
14.5                                  136065
14.55                                  136943
14.6                                  136964
14.65                                  136998
14.7                                  137000
14.75                                  136967
14.8                                  139175
14.85                                  139333
14.9                                  139371
14.95                                  139345
15                                  139347
15.05                                  140567
15.1                                  141666
15.15                                  141771
15.2                                  141726
15.25                                  141742
15.3                                  141775
15.35                                  143641
15.4                                  144138
15.45                                  144148
15.5                                  144173
15.55                                  144170
15.6                                  144150
15.65                                  146331
15.7                                  146529
15.75                                  146546
15.8                                  146614
15.85                                  146546
15.9                                  146603
15.95                                  148808
16                                  148987
16.05                                  148999
16.1                                  149000
16.15                                  149000
16.2                                  149000
16.25                                  151166
16.3                                  151440
16.35                                  151396
16.4                                  151463
16.45                                  151397
16.5                                  151347
16.55                                  153603
16.6                                  153836
16.65                                  153743
16.7                                  153868
16.75                                  153744
16.8                                  153743
16.85                                  155770
16.9                                  156169
16.95                                  156170
17                                  156246
17.05                                  156200
17.1                                  156172
17.15                                  157808
17.2                                  158579
17.25                                  158544
17.3                                  158642
17.35                                  158629
17.4                                  158547
17.45                                  158687
17.5                                  160860
17.55                                  160990
17.6                                  161083
17.65                                  161005
17.7                                  161000
17.75                                  161073
17.8                                  162821
17.85                                  163420
17.9                                  163468
17.95                                  163464
18                                  163464
18.05                                  163464
18.1                                  163464
18.15                                 95708.1
18.2                                 85596.1
18.25                                   86566
18.3                                 86416.6
18.35                                 86539.4
18.4                                 88743.9
18.45                                 88837.5
18.5                                 88913.9
18.55                                 90151.6
18.6                                 91234.2
18.65                                 91296.5
18.7                                 91369.5
18.75                                 93103.2
18.8                                 93696.1
18.85                                 93821.6
18.9                                 93704.4
18.95                                 95793.9
19                                   96235
19.05                                 96057.8
19.1                                 96128.5
19.15                                 98457.5
19.2                                 98450.2
19.25                                 98479.1
19.3                                 98645.6
19.35                                  100706
19.4                                  100883
19.45                                  100993
19.5                                  100875
19.55                                  103070
19.6                                  103327
19.65                                  103302
19.7                                  103254
19.75                                  105414
19.8                                  105755
19.85                                  105650
19.9                                  105770
19.95                                  107533
20                                  108063
20.05                                  108164
20.1                                  108150
20.15                                  108974
20.2                                  110447
20.25                                  110540
20.3                                  110547
20.35                                  110542
20.4                                  112638
20.45                                  112911
20.5                                  112994
20.55                                  113000
20.6                                  113629
20.65                                  115347
20.7                                  115390
20.75                                  115247
20.8                                  115445
20.85                                  117204
20.9                                  117681
20.95                                  117841
21                                  117743
21.05                                  117720
21.1                                  119931
21.15                                  120179
21.2                                  120131
21.25                                  120191
21.3                                  120196
21.35                                  122375
21.4                                  122555
21.45                                  122624
21.5                                  122494
21.55                                  122566
21.6                                  124853
21.65                                  124917
21.7                                  124995
21.75                                  125000
21.8                                  124926
21.85                                  127256
21.9                                  127365
21.95                                  127366
22                                  127371
22.05                                  127375
22.1                                  129417
22.15                                  129782
22.2                                  129827
22.25                                  129705
22.3                                  129797
22.35                                  131824
22.4                                  132033
22.45                                  132250
22.5                                  132224
22.55                                  132059
22.6                                  133635
22.65                                  134594
22.7                                  134527
22.75                                  134648
22.8                                  134571
22.85                                  134531
22.9                                  136804
22.95                                  136988
23                                  136943
23.05                                  136997
23.1                                  137000
23.15                                  138635
23.2                                  139301
23.25                                  139426
23.3                                  139305
23.35                                  139344
23.4                                  139428
23.45                                  141463
23.5                                  141758
23.55                                  141802
23.6                                  141614
23.65                                  141768
23.7                                  142559
23.75                                  144035
23.8                                  144142
23.85                                  144150
23.9                                  144132
23.95                                  144148
24                                  145640
24.05                                  146470
24.1                                  146542
24.15                                  146603
24.2                                  146528
24.25                                  146602
24.3                                  148383
24.35                                  148957
24.4                                  148997
24.45                                  149000
24.5                                  149000
24.55                                  149000
24.6                                  150729
24.65                                  151429
24.7                                  151395
24.75                                  151347
24.8                                  151413
24.85                                  151348
24.9                                  152909
24.95                                  153834
25                                  153742
25.05                                  153775
25.1                                  153679
25.15                                  153739
25.2                                  154796
25.25                                  156067
25.3                                  156173
25.35                                  156150
25.4                                  156150
25.45                                  156178
25.5                                  156151
25.55                                  158441
25.6                                  158544
25.65                                  158547
25.7                                  158604
25.75                                  158554
25.8                                  158604
25.85                                  160506
25.9                                  160976
25.95                                  160999
26                                  161000
26.05                                  161009
26.1                                  161001
26.15                                  161578
26.2                                  163354
26.25                                  163390
26.3                                  163472
26.35                                  163470
26.4                                  163470
26.45                                  163470
26.5                                  125896
26.55                                   85824
26.6                                 86271.5
26.65                                 86525.5
26.7                                   86529
26.75                                 88047.7
26.8                                 88934.1
26.85                                 88912.3
26.9                                 88854.7
26.95                                 91193.4
27                                   91297
27.05                                 91229.6
27.1                                 92022.4
27.15                                 93644.5
27.2                                 93695.9
27.25                                 93841.6
27.3                                 95293.9
27.35                                 95951.1
27.4                                   96206
27.45                                 96195.4
27.5                                 97801.5
27.55                                 98519.9
27.6                                 98567.9
27.65                                 98441.9
27.7                                  100447
27.75                                  100967
27.8                                  100815
27.85                                  100987
27.9                                  102714
27.95                                  103123
28                                  103415
28.05                                  103374
28.1                                  104461
28.15                                  105698
28.2                                  105799
28.25                                  105619
28.3                                  106044
28.35                                  108005
28.4                                  108009
28.45                                  108141
28.5                                  108256
28.55                                  110089
28.6                                  110515
28.65                                  110602
28.7                                  110414
28.75                                  111763
28.8                                  112925
28.85                                  112757
28.9                                  112983
28.95                                  112999
29                                  114919
29.05                                  115364
29.1                                  115345
29.15                                  115236
29.2                                  115758
29.25                                  117617
29.3                                  117657
29.35                                  117732
29.4                                  117743
29.45                                  119118
29.5                                  120129
29.55                                  120168
29.6                                  120039
29.65                                  120186
29.7                                  121979
29.75                                  122381
29.8                                  122613
29.85                                  122546
29.9                                  122420
29.95                                  124518
30                                  124971
30.05                                  124872
30.1                                  124992
30.15                                  124999
30.2                                  126762
30.25                                  127335
30.3                                  127451
30.35                                  127270
30.4                                  127358
30.45                                  129089
30.5                                  129709
30.55                                  129814
30.6                                  129849
30.65                                  129660
30.7                                  130853
30.75                                  132140
30.8                                  132096
30.85                                  132215
30.9                                  132196
30.95                                  132101
31                                  134456
31.05                                  134560
31.1                                  134529
31.15                                  134564
31.2                                  134571
31.25                                  136266
31.3                                  136956
31.35                                  136997
31.4                                  136904
31.45                                  136993
31.5                                  137000
31.55                                  139119
31.6                                  139415
31.65                                  139374
31.7                                  139266
31.75                                  139424
31.8                                  140960
31.85                                  141668
31.9                                  141787
31.95                                  141802
32                                  141828
32.05                                  141797
32.1                                  143929
32.15                                  144205
32.2                                  144144
32.25                                  144256
32.3                                  144225
32.35                                  144252
32.4                                  146465
32.45                                  146560
32.5                                  146601
32.55                                  146653
32.6                                  146571
32.65                                  146901
32.7                                  148873
32.75                                  148991
32.8                                  148999
32.85                                  149000
32.9                                  149000
32.95                                  149250
33                                  151202
33.05                                  151420
33.1                                  151348
33.15                                  151429
33.2                                  151375
33.25                                  151349
33.3                                  153613
33.35                                  153794
33.4                                  153767
33.45                                  153803
33.5                                  153803
33.55                                  153783
33.6                                  155868
33.65                                  156240
33.7                                  156159
33.75                                  156151
33.8                                  156257
33.85                                  156160
33.9                                  158052
33.95                                  158620
34                                  158559
34.05                                  158604
34.1                                  158653
34.15                                  158616
34.2                                  159410
34.25                                  160904
34.3                                  161010
34.35                                  161001
34.4                                  161000
34.45                                  161015
34.5                                  161001
34.55                                  162972
34.6                                  163393
34.65                                  163347
34.7                                  163453
34.75                                  163453
34.8                                  163453
34.85                                  162269
34.9                                 92859.1
34.95                                 86016.3
35                                   86370
35.05                                 86584.2
35.1                                 86526.9
35.15                                 88585.4
35.2                                 88971.3
35.25                                 88998.3
35.3                                 90399.1
35.35                                 91332.6
35.4                                   91343
35.45                                 91206.6
35.5                                 93465.1
35.55                                 93720.1
35.6                                   93634
35.65                                 93717.4
35.7                                 96005.1
35.75                                 96011.6
35.8                                 96170.7
35.85                                 96545.4
35.9                                 98272.2
35.95                                 98537.8
36                                   98623
36.05                                 98991.8
36.1                                  100867
36.15                                  100992
36.2                                  100829
36.25                                  100978
36.3                                  103227
36.35                                  103274
36.4                                  103356
36.45                                  103374
36.5                                  105417
36.55                                  105772
36.6                                  105826
36.65                                  105679
36.7                                  107638
36.75                                  108226
36.8                                  108028
36.85                                  108241
36.9                                  109599
36.95                                  110313
37                                  110583
37.05                                  110652
37.1                                  110377
37.15                                  112718
37.2                                  112983
37.25                                  112810
37.3                                  112974
37.35                                  114270
37.4                                  115174
37.45                                  115321
37.5                                  115345
37.55                                  115239
37.6                                  117293
37.65                                  117748
37.7                                  117613
37.75                                  117721
37.8                                  117774
37.85                                  119885
37.9                                  120142
37.95                                  120149
38                                  120077
38.05                                  120528
38.1                                  122420
38.15                                  122523
38.2                                  122531
38.25                                  122546
38.3                                  123300
38.35                                  124887
38.4                                  124993
38.45                                  124926
38.5                                  124985
38.55                                  125593
38.6                                  127200
38.65                                  127417
38.7                                  127394
38.75                                  127347
38.8                                  127429
38.85                                  129704
38.9                                  129735
38.95                                  129829
39                                  129742
39.05                                  129743
39.1                                  131918
39.15                                  132178
39.2                                  132171
39.25                                  132180
39.3                                  132195
39.35                                  133980
39.4                                  134518
39.45                                  134622
39.5                                  134547
39.55                                  134557
39.6                                  134874
39.65                                  136871
39.7                                  136981
39.75                                  136999
39.8                                  137000
39.85                                  136989
39.9                                  138902
39.95                                  139424
40                                  139365
40.05                                  139374
40.1                                  139453
40.15                                  139347
40.2                                  141662
40.25                                  141840
40.3                                  141790
40.35                                  141827
40.4                                  141850
40.45                                  143192
40.5                                  144160
40.55                                  144193
40.6                                  144248
40.65                                  144224
40.7                                  144196
40.75                                  146007
40.8                                  146532
40.85                                  146569
40.9                                  146649
40.95                                  146571
41                                  146625
41.05                                  148564
41.1                                  148970
41.15                                  148998
41.2                                  149000
41.25                                  149000
41.3                                  149000
41.35                                  150853
41.4                                  151399
41.45                                  151373
41.5                                  151432
41.55                                  151375
41.6                                  151375
41.65                                  153205
41.7                                  153769
41.75                                  153826
41.8                                  153816
41.85                                  153804
41.9                                  153828
41.95                                  155199
42                                  156199
42.05                                  156221
42.1                                  156170
42.15                                  156258
42.2                                  156225
42.25                                  156742
42.3                                  158540
42.35                                  158565
42.4                                  158628
42.45                                  158655
42.5                                  158572
42.55                                  158674
42.6                                  160674
42.65                                  160977
42.7                                  161027
42.75                                  161002
42.8                                  161000
42.85                                  161025
42.9                                  162145
42.95                                  163356
43                                  163375
43.05                                  163430
43.1                                  163376
43.15                                  163376
43.2                                  163376
43.25                                  111533
43.3                                 84957.9
43.35                                 86527.5
43.4                                 86354.8
43.45                                 86623.3
43.5                                   88458
43.55                                 88723.6
43.6                                 88968.5
43.65                                 88998.1
43.7                                 91021.5
43.75                                 91311.3
43.8                                 91344.4
43.85                                 92384.4
43.9                                 93616.6
43.95                                 93767.8
44                                 93581.1
44.05                                 95501.8
44.1                                 96129.8
44.15                                   96037
44.2                                 96128.9
44.25                                 98116.3
44.3                                 98390.4
44.35                                 98580.7
44.4                                 98544.2
44.45                                  100511
44.5                                  100941
44.55                                  100996
44.6                                  100873
44.65                                  102865
44.7                                  103422
44.75                                  103268
44.8                                  103338
44.85                                  105088
44.9                                  105660
44.95                                  105794
45                                  105847
45.05                                  106653
45.1                                  108129
45.15                                  108217
45.2                                  108051
45.25                                  108197
45.3                                  110353
45.35                                  110391
45.4                                  110597
45.45                                  110568
45.5                                  112067
45.55                                  112905
45.6                                  112993
45.65                                  112890
45.7                                  112955
45.75                                  115204
45.8                                  115252
45.85                                  115302
45.9                                  115426
45.95                                  116286
46                                  117654
46.05                                  117796
46.1                                  117678
46.15                                  117738
46.2                                  119531
46.25                                  120094
46.3                                  120117
46.35                                  120148
46.4                                  120131
46.45                                  122087
46.5                                  122576
46.55                                  122526
46.6                                  122516
46.65                                  122602
46.7                                  124683
46.75                                  124955
46.8                                  124997
46.85                                  124875
46.9                                  124942
46.95                                  127031
47                                  127325
47.05                                  127354
47.1                                  127344
47.15                                  127347
47.2                                  129319
47.25                                  129711
47.3                                  129774
47.35                                  129709
47.4                                  129741
47.45                                  131239
47.5                                  132109
47.55                                  132167
47.6                                  132150
47.65                                  132165
47.7                                  132545
47.75                                  134421
47.8                                  134592
47.85                                  134545
47.9                                  134547
47.95                                  134600
48                                  136585
48.05                                  136975
48.1                                  136979
48.15                                  136999
48.2                                  137000
48.25                                  137750
48.3                                  139355
48.35                                  139391
48.4                                  139321
48.45                                  139450
48.5                                  139396
48.55                                  141241
48.6                                  141814
48.65                                  141741
48.7                                  141806
48.75                                  141848
48.8                                  141743
48.85                                  143991
48.9                                  144182
48.95                                  144195
49                                  144211
49.05                                  144196
49.1                                  144547
49.15                                  146439
49.2                                  146562
49.25                                  146624
49.3                                  146565
49.35                                  146625
49.4                                  147595
49.45                                  148903
49.5                                  148994
49.55                                  149000
49.6                                  149000
49.65                                  149000
49.7                                  149770
49.75                                  151338
49.8                                  151369
49.85                                  151453
49.9                                  151343
49.95                                  151373
50                                  152031
50.05                                  153718
50.1                                  153823
50.15                                  153849
50.2                                  153827
50.25                                  153830
50.3                                  153850
50.35                                  156100
50.4                                  156215
50.45                                  156196
50.5                                  156290
50.55                                  156227
50.6                                  156197
50.65                                  158325
50.7                                  158552
50.75                                  158570
50.8                                  158695
50.85                                  158574
50.9                                  158625
50.95                                  159983
51                                  160930
51.05                                  160996
51.1                                  161049
51.15                                  161003
51.2                                  161000
51.25                                  161049
51.3                                  163184
51.35                                  163360
51.4                                  163440
51.45                                  163432
51.5                                  163432
51.55                                  163432
51.6                                  159015
51.65                                 89365.2
51.7                                 86223.1
51.75                                 86545.4
51.8                                 86453.5
51.85                                   87115
51.9                                 88869.5
51.95                                 88797.8
52                                 88949.7
52.05                                 90885.3
52.1                                 91147.8
52.15                                 91245.9
52.2                                 91422.4
52.25                                 93366.5
52.3                                 93676.3
52.35                                 93797.5
52.4                                   93989
52.45                                   95962
52.5                                 96137.7
52.55                                 96066.7
52.6                                 97098.1
52.65                                 98446.6
52.7                                 98524.2
52.75                                   98474
52.8                                 99766.4
52.85                                  100852
52.9                                  100923
52.95                                  100995
53                                  101696
53.05                                  103293
53.1                                  103387
53.15                                  103273
53.2                                  103391
53.25                                  105702
53.3                                  105651
53.35                                  105795
53.4                                  105740
53.45                                  107770
53.5                                  108152
53.55                                  108192
53.6                                  108088
53.65                                  109738
53.7                                  110514
53.75                                  110622
53.8                                  110482
53.85                                  110620
53.9                                  112830
53.95                                  112901
54                                  112994
54.05                                  113000
54.1                                  114638
54.15                                  115327
54.2                                  115372
54.25                                  115354
54.3                                  115370
54.35                                  117541
54.4                                  117723
54.45                                  117798
54.5                                  117828
54.55                                  117990
54.6                                  120126
54.65                                  120217
54.7                                  120088
54.75                                  120253
54.8                                  121261
54.85                                  122467
54.9                                  122645
54.95                                  122571
55                                  122552
55.05                                  123921
55.1                                  124935
55.15                                  124896
55.2                                  124994
55.25                                  125000
55.3                                  126082
55.35                                  127267
55.4                                  127424
55.45                                  127276
55.5                                  127342
55.55                                  128184
55.6                                  129581
55.65                                  129766
55.7                                  129803
55.75                                  129677
55.8                                  129771
55.85                                  131958
55.9                                  132107
55.95                                  132146
56                                  132150
56.05                                  132118
56.1                                  134116
56.15                                  134577
56.2                                  134503
56.25                                  134544
56.3                                  134603
56.35                                  135553
56.4                                  136912
56.45                                  136995
56.5                                  136962
56.55                                  136998
56.6                                  137000
56.65                                  139044
56.7                                  139372
56.75                                  139345
56.8                                  139399
56.85                                  139393
56.9                                  139925
56.95                                  141701
57                                  141734
57.05                                  141743
57.1                                  141812
57.15                                  141741
57.2                                  143466
57.25                                  144130
57.3                                  144192
57.35                                  144172
57.4                                  144173
57.45                                  144170
57.5                                  146119
57.55                                  146529
57.6                                  146622
57.65                                  146547
57.7                                  146614
57.75                                  146546
57.8                                  148669
57.85                                  148980
57.9                                  148999
57.95                                  149000
58                                  149000
58.05                                  149000
58.1                                  151122
58.15                                  151293
58.2                                  151448
58.25                                  151396
58.3                                  151396
58.35                                  151454
58.4                                  153480
58.45                                  153846
58.5                                  153851
58.55                                  153743
58.6                                  153868
58.65                                  153852
58.7                                  155551
58.75                                  156242
58.8                                  156198
58.85                                  156197
58.9                                  156281
58.95                                  156200
59                                  157367
59.05                                  158566
59.1                                  158571
59.15                                  158625
59.2                                  158643
59.25                                  158629
59.3                                  158547
59.35                                  160845
59.4                                  160991
59.45                                  160999
59.5                                  161084
59.55                                  161005
59.6                                  161000
59.65                                  162647
59.7                                  163328
59.75                                  163450
59.8                                  163375
59.85                                  163375
59.9                                  163375
59.95                                  163375
60                                  104966
60.05                                 85169.2
60.1                                 86394.4
60.15                                 86614.3
60.2                                 86419.6
60.25                                   88470
60.3                                 88967.9
60.35                                 88853.3
60.4                                 89424.8
60.45                                 91253.6
60.5                                 91257.2
60.55                                 91263.1
60.6                                 92950.6
60.65                                 93667.1
60.7                                 93656.9
60.75                                 93793.4
60.8                                 95698.7
60.85                                 95981.7
60.9                                 96246.4
60.95                                 96114.5
61                                   98081
61.05                                 98575.3
61.1                                 98526.4
61.15                                 98479.8
61.2                                  100739
61.25                                  100859
61.3                                  100876
61.35                                  100993
61.4                                  103030
61.45                                  103271
61.5                                  103339
61.55                                  103346
61.6                                  105254
61.65                                  105707
61.7                                  105773
61.75                                  105652
61.8                                  107124
61.85                                  108107
61.9                                  108006
61.95                                  108160
62                                  108150
62.05                                  110232
62.1                                  110604
62.15                                  110546
62.2                                  110473
62.25                                  112444
62.3                                  112962
62.35                                  112849
62.4                                  112991
62.45                                  112999
62.5                                  115099
62.55                                  115356
62.6                                  115452
62.65                                  115248
62.7                                  116899
62.75                                  117793
62.8                                  117676
62.85                                  117820
62.9                                  117849
62.95                                  119716
63                                  120192
63.05                                  120194
63.1                                  120151
63.15                                  120218
63.2                                  122284
63.25                                  122547
63.3                                  122565
63.35                                  122571
63.4                                  122455
63.45                                  124766
63.5                                  124986
63.55                                  124854
63.6                                  124990
63.65                                  124999
63.7                                  126967
63.75                                  127406
63.8                                  127374
63.85                                  127209
63.9                                  127420
63.95                                  129475
64                                  129643
64.05                                  129795
64.1                                  129803
64.15                                  129663
64.2                                  131526
64.25                                  132219
64.3                                  132057
64.35                                  132144
64.4                                  132256
64.45                                  133080
64.5                                  134515
64.55                                  134648
64.6                                  134464
64.65                                  134598
64.7                                  134653
64.75                                  136659
64.8                                  136979
64.85                                  136999
64.9                                  136811
64.95                                  136989
65                                  138271
65.05                                  139238
65.1                                  139337
65.15                                  139346
65.2                                  139304
65.25                                  139341
65.3                                  141401
65.35                                  141656
65.4                                  141737
65.45                                  141775
65.5                                  141678
65.55                                  141772
65.6                                  144005
65.65                                  144140
65.7                                  144169
65.75                                  144150
65.8                                  144132
65.85                                  145169
65.9                                  146452
65.95                                  146598
66                                  146545
66.05                                  146603
66.1                                  146528
66.15                                  147933
66.2                                  148935
66.25                                  148996
66.3                                  149000
66.35                                  149000
66.4                                  148875
66.45                                  150379
66.5                                  151331
66.55                                  151343
66.6                                  151398
66.65                                  151347
66.7                                  151347
66.75                                  152594
66.8                                  153667
66.85                                  153771
66.9                                  153747
66.95                                  153744
67                                  153775
67.05                                  154123
67.1                                  156046
67.15                                  156143
67.2                                  156203
67.25                                  156172
67.3                                  156150
67.35                                  156178
67.4                                  158302
67.45                                  158530
67.5                                  158632
67.55                                  158547
67.6                                  158604
67.65                                  158554
67.7                                  160194
67.75                                  160951
67.8                                  161007
67.85                                  161000
67.9                                  161000
67.95                                  161000
68                                  161000
68.05                                  163231
68.1                                  163465
68.15                                  163397
68.2                                  163429
68.25                                  163429
68.3                                  163429
68.35                                  156057
68.4                                 87424.2
68.45                                 86213.9
68.5                                 86443.3
68.55                                 86535.9
68.6                                 87498.8
68.65                                 88749.1
68.7                                 88974.9
68.75                                 88998.5
68.8                                 90856.6
68.85                                 91329.2
68.9                                 91450.3
68.95                                 91236.3
69                                 93646.7
69.05                                 93838.6
69.1                                 93582.7
69.15                                 94847.5
69.2                                 96139.2
69.25                                 96008.4
69.3                                 96209.5
69.35                                 97648.9
69.4                                 98298.6
69.45                                 98634.6
69.5                                 98570.3
69.55                                 99972.9
69.6                                  100938
69.65                                  100996
69.7                                  100791
69.75                                  102259
69.8                                  103363
69.85                                  103162
69.9                                  103334
69.95                                  104184
70                                  105468
70.05                                  105759
70.1                                  105803
70.15                                  105565
70.2                                  107930
70.25                                  108136
70.3                                  108034
70.35                                  108132
70.4                                  109981
70.45                                  110458
70.5                                  110527
70.55                                  110602
70.6                                  111025
70.65                                  112853
70.7                                  112991
70.75                                  112889
70.8                                  112985
70.85                                  114917
70.9                                  115207
70.95                                  115436
71                                  115395
71.05                                  115236
71.1                                  117647
71.15                                  117731
71.2                                  117616
71.25                                  117837
71.3                                  118791
71.35                                  119960
71.4                                  120180
71.45                                  120195
71.5                                  120045
71.55                                  121639
71.6                                  122569
71.65                                  122417
71.7                                  122548
71.75                                  122624
71.8                                  124184
71.85                                  124939
71.9                                  124996
71.95                                  124904
72                                  124983
72.05                                  126550
72.1                                  127307
72.15                                  127358
72.2                                  127374
72.25                                  127357
72.3                                  128736
72.35                                  129763
72.4                                  129750
72.45                                  129790
72.5                                  129827
72.55                                  130004
72.6                                  132118
72.65                                  132216
72.7                                  132100
72.75                                  132246
72.8                                  132224
72.85                                  134175
72.9                                  134627
72.95                                  134570
73                                  134462
73.05                                  134645
73.1                                  136058
73.15                                  136834
73.2                                  136977
73.25                                  136998
73.3                                  137000
73.35                                  136987
73.4                                  139206
73.45                                  139361
73.5                                  139335
73.55                                  139428
73.6                                  139375
73.65                                  140562
73.7                                  141730
73.75                                  141798
73.8                                  141767
73.85                                  141803
73.9                                  141828
73.95                                  143650
74                                  144116
74.05                                  144255
74.1                                  144146
74.15                                  144256
74.2                                  144225
74.25                                  146219
74.3                                  146584
74.35                                  146652
74.4                                  146601
74.45                                  146653
74.5                                  146571
74.55                                  148778
74.6                                  148987
74.65                                  148999
74.7                                  148985
74.75                                  148999
74.8                                  149000
74.85                                  151179
74.9                                  151334
74.95                                  151428
75                                  151351
75.05                                  151347
75.1                                  151429
75.15                                  153504
75.2                                  153761
75.25                                  153803
75.3                                  153751
75.35                                  153776
75.4                                  153804
75.45                                  155751
75.5                                  156125
75.55                                  156149
75.6                                  156183
75.65                                  156151
75.7                                  156257
75.75                                  157722
75.8                                  158490
75.85                                  158600
75.9                                  158561
75.95                                  158604
76                                  158653
76.05                                  158561
76.1                                  160835
76.15                                  160990
76.2                                  160999
76.25                                  161000
76.3                                  161000
76.35                                  161033
76.4                                  162834
76.45                                  163313
76.5                                  163432
76.55                                  163351
76.6                                  163351
76.65                                  163351
76.7                                  163351
76.75                                 97586.9
76.8                                 85665.2
76.85                                 86550.1
76.9                                 86402.3
76.95                                 86507.7
77                                   88708
77.05                                 88852.2
77.1                                 88965.5
77.15                                 90165.2
77.2                                 91142.2
77.25                                 91414.7
77.3                                 91394.1
77.35                                 93032.6
77.4                                 93786.6
77.45                                 93739.6
77.5                                 93594.4
77.55                                 95908.9
77.6                                 96177.4
77.65                                   96022
77.7                                 96171.3
77.75                                 98353.1
77.8                                 98441.8
77.85                                 98545.7
77.9                                 98623.5
77.95                                  100660
78                                  100964
78.05                                  100998
78.1                                  100830
78.15                                  103185
78.2                                  103360
78.25                                  103180
78.3                                  103407
78.35                                  105475
78.4                                  105614
78.45                                  105765
78.5                                  105801
78.55                                  107353
78.6                                  108072
78.65                                  108252
78.7                                  108059
78.75                                  108693
78.8                                  110491
78.85                                  110457
78.9                                  110573
78.95                                  110651
79                                  112445
79.05                                  112945
79.1                                  112997
79.15                                  112811
79.2                                  113743
79.25                                  115247
79.3                                  115267
79.35                                  115370
79.4                                  115345
79.45                                  117085
79.5                                  117684
79.55                                  117739
79.6                                  117702
79.65                                  117722
79.7                                  119881
79.75                                  120060
79.8                                  120174
79.85                                  120171
79.9                                  120077
79.95                                  122395
80                                  122533
80.05                                  122546
80.1                                  122590
80.15                                  122545
80.2                                  124851
80.25                                  124962
80.3                                  124997
80.35                                  125000
80.4                                  124971
80.45                                  127282
80.5                                  127386
80.55                                  127347
80.6                                  127451
80.65                                  127396
80.7                                  129587
80.75                                  129835
80.8                                  129742
80.85                                  129805
80.9                                  129848
80.95                                  131783
81                                  132181
81.05                                  132194
81.1                                  132196
81.15                                  132206
81.2                                  133649
81.25                                  134569
81.3                                  134553
81.35                                  134570
81.4                                  134625
81.45                                  134532
81.5                                  136804
81.55                                  136988
81.6                                  136974
81.65                                  136998
81.7                                  137000
81.75                                  138692
81.8                                  139330
81.85                                  139372
81.9                                  139410
81.95                                  139374
82                                  139453
82.05                                  141540
82.1                                  141785
82.15                                  141827
82.2                                  141790
82.25                                  141827
82.3                                  142619
82.35                                  144030
82.4                                  144249
82.45                                  144224
82.5                                  144248
82.55                                  144224
82.6                                  145650
82.65                                  146535
82.7                                  146649
82.75                                  146571
82.8                                  146649
82.85                                  146571
82.9                                  148286
82.95                                  148928
83                                  148996
83.05                                  149000
83.1                                  149000
83.15                                  149000
83.2                                  150714
83.25                                  151311
83.3                                  151426
83.35                                  151375
83.4                                  151354
83.45                                  151429
83.5                                  152961
83.55                                  153738
83.6                                  153801
83.65                                  153803
83.7                                  153789
83.75                                  153804
83.8                                  154865
83.85                                  156086
83.9                                  156146
83.95                                  156256
84                                  156170
84.05                                  156258
84.1                                  156225
84.15                                  158387
84.2                                  158594
84.25                                  158653
84.3                                  158628
84.35                                  158655
84.4                                  158572
84.45                                  160460
84.5                                  160967
84.55                                  160998
84.6                                  161056
84.65                                  161003
84.7                                  161000
84.75                                  161634
84.8                                  163240
84.85                                  163422
84.9                                  163410
84.95                                  163433
85                                  163433
85.05                                  163433
85.1                                  131952
85.15                                 85834.3
85.2                                 86355.2
85.25                                   86638
85.3                                 86376.3
85.35                                 88001.9
85.4                                 88939.6
85.45                                 88774.3
85.5                                 88942.8
85.55                                   91090
85.6                                 91218.3
85.65                                 91338.7
85.7                                 91921.5
85.75                                 93554.3
85.8                                 93687.4
85.85                                 93739.5
85.9                                 95117.7
85.95                                 96091.4
86                                 96165.6
86.05                                 96039.2
86.1                                 97784.9
86.15                                 98577.4
86.2                                 98417.3
86.25                                 98582.4
86.3                                  100451
86.35                                  100817
86.4                                  100956
86.45                                  100997
86.5                                  102588
86.55                                  103295
86.6                                  103369
86.65                                  103308
86.7                                  104676
86.75                                  105760
86.8                                  105750
86.85                                  105733
86.9                                  105824
86.95                                  107968
87                                  108187
87.05                                  108220
87.1                                  108101
87.15                                  110168
87.2                                  110627
87.25                                  110460
87.3                                  110601
87.35                                  111751
87.4                                  112789
87.45                                  112944
87.5                                  112997
87.55                                  112890
87.6                                  114986
87.65                                  115322
87.7                                  115302
87.75                                  115303
87.8                                  115676
87.85                                  117551
87.9                                  117692
87.95                                  117772
88                                  117678
88.05                                  119202
88.1                                  120092
88.15                                  120146
88.2                                  120093
88.25                                  120146
88.3                                  121986
88.35                                  122450
88.4                                  122540
88.45                                  122603
88.5                                  122487
88.55                                  124518
88.6                                  124971
88.65                                  124941
88.7                                  124996
88.75                                  125000
88.8                                  126857
88.85                                  127360
88.9                                  127345
88.95                                  127406
89                                  127394
89.05                                  129038
89.1                                  129768
89.15                                  129738
89.2                                  129743
89.25                                  129811
89.3                                  130789
89.35                                  132087
89.4                                  132160
89.45                                  132194
89.5                                  132172
89.55                                  132165
89.6                                  134434
89.65                                  134535
89.7                                  134493
89.75                                  134620
89.8                                  134547
89.85                                  136327
89.9                                  136959
89.95                                  136997
90                                  136957
90.05                                  136997
90.1                                  137000
90.15                                  139194
90.2                                  139362
90.25                                  139452
90.3                                  139343
90.35                                  139451
90.4                                  141043
90.45                                  141722
90.5                                  141823
90.55                                  141849
90.6                                  141806
90.65                                  141848
90.7                                  143865
90.75                                  144218
90.8                                  144222
90.85                                  144196
90.9                                  144211
90.95                                  144196
91                                  146355
91.05                                  146633
91.1                                  146570
91.15                                  146625
91.2                                  146516
91.25                                  146568
91.3                                  148853
91.35                                  148991
91.4                                  148999
91.45                                  149000
91.5                                  149000
91.55                                  149000
91.6                                  151228
91.65                                  151432
91.7                                  151375
91.75                                  151375
91.8                                  151441
91.85                                  151376
91.9                                  153664
91.95                                  153817
92                                  153804
92.05                                  153828
92.1                                  153827
92.15                                  153830
92.2                                  155938
92.25                                  156169
92.3                                  156258
92.35                                  156225
92.4                                  156290
92.45                                  156227
92.5                                  158013
92.55                                  158613
92.6                                  158654
92.65                                  158571
92.7                                  158639
92.75                                  158571
92.8                                  159165
92.85                                  160998
92.9                                  161000
92.95                                  161000
93                                  161096
93.05                                  161007
93.1                                  161000
93.15                                  163092
93.2                                  163413
93.25                                  163374
93.3                                  163347
93.35                                  163347
93.4                                  163347
93.45                                  162928
93.5                                 92853.5
93.55                                   85794
93.6                                 86504.4
93.65                                 86562.4
93.7                                 86405.4
93.75                                 88696.3
93.8                                 88981.6
93.85                                 88833.4
93.9                                 90433.6
93.95                                 91283.7
94                                 91235.6
94.05                                   91250
94.1                                 93395.1
94.15                                 93591.4
94.2                                 93645.7
94.25                                 93769.5
94.3                                 95884.7
94.35                                 96076.8
94.4                                 96144.7
94.45                                 96076.8
94.5                                 98397.7
94.55                                 98533.1
94.6                                 98529.4
94.65                                 99068.1
94.7                                  100866
94.75                                  100908
94.8                                  100928
94.85                                  100996
94.9                                  103164
94.95                                  103220
95                                  103444
95.05                                  103396
95.1                                  105490
95.15                                  105829
95.2                                  105742
95.25                                  105708
95.3                                  107745
95.35                                  108167
95.4                                  108120
95.45                                  108190
95.5                                  109353
95.55                                  110478
95.6                                  110561
95.65                                  110624
95.7                                  110483
95.75                                  112717
95.8                                  112983
95.85                                  112912
95.9                                  112995
95.95                                  114285
96                                  115186
96.05                                  115419
96.1                                  115374
96.15                                  115354
96.2                                  117367
96.25                                  117773
96.3                                  117701
96.35                                  117799
96.4                                  117828
96.45                                  119821
96.5                                  120128
96.55                                  120255
96.6                                  120030
96.65                                  120499
96.7                                  122526
96.75                                  122422
96.8                                  122596
96.85                                  122653
96.9                                  123272
96.95                                  124895
97                                  124994
97.05                                  124903
97.1                                  124994
97.15                                  125468
97.2                                  127202
97.25                                  127335
97.3                                  127346
97.35                                  127316
97.4                                  127342
97.45                                  129630
97.5                                  129668
97.55                                  129738
97.6                                  129775
97.65                                  129677
97.7                                  131878
97.75                                  132133
97.8                                  132134
97.85                                  132168
97.9                                  132150
97.95                                  133842
98                                  134499
98.05                                  134544
98.1                                  134530
98.15                                  134541
98.2                                  134853
98.25                                  136797
98.3                                  136986
98.35                                  136999
98.4                                  136927
98.45                                  136996
98.5                                  138918
98.55                                  139280
98.6                                  139447
98.65                                  139396
98.7                                  139399
98.75                                  139393
98.8                                  141577
98.85                                  141773
98.9                                  141846
98.95                                  141743
99                                  141812
99.05                                  143128
99.1                                  144123
99.15                                  144193
99.2                                  144195
99.25                                  144172
99.3                                  144173
99.35                                  145832
99.4                                  146580
99.45                                  146460
99.5                                  146618
99.55                                  146546
99.6                                  146547
99.65                                  148526
99.7                                  148971
99.75                                  148998
99.8                                  149000
99.85                                  149000
99.9                                  149000
99.95                                  150902
