0.140095 14480
0.181396 15928
0.183799 18824
0.186202 21720
0.188606 24616
0.191009 27512
0.225434 30408
0.228202 33304
0.23097 36200
0.233738 39096
0.236506 41992
0.239275 44888
0.242043 47784
0.244811 50680
0.263935 53576
0.266704 56472
0.269472 59368
0.27224 62264
0.275008 65160
0.277776 68056
0.280544 70952
0.283065 73848
0.292736 76744
0.29514 79640
0.297543 82536
0.299946 85432
0.302349 88328
0.304752 91224
0.307156 94120
0.309559 97016
0.311962 99912
0.314365 102808
0.316768 105704
0.319172 108600
0.321575 111496
0.323978 114392
0.326381 117288
0.328784 120184
0.331188 123080
0.333591 125976
0.335994 128872
0.338397 131768
0.3408 134664
0.343204 137560
0.345607 140456
0.34801 143352
0.350413 146248
0.379252 149144
0.739732 151348
0.859892 109865
0.900746 106969
1.18673 109865
1.22758 106969
1.23479 103644
1.51356 106540
1.55442 103644
1.8404 106540
1.88125 103644
2.16723 106540
2.20809 103644
2.49407 106540
2.53492 103644
2.8209 106540
2.86176 103644
3.14774 106540
3.18859 103644
3.47457 106540
3.51543 103644
3.80141 106540
3.84226 103644
4.12824 106540
4.1691 103644
4.45508 106540
4.49593 103644
4.78191 106540
4.82277 103644
5.10875 106540
5.1496 103644
5.43558 106540
5.47644 103644
5.76242 106540
5.80327 103644
6.08925 106540
6.13011 103644
6.41609 106540
6.45694 103644
6.74293 106540
6.78378 103644
7.06976 106540
7.11061 103644
7.3966 106540
7.43745 103644
7.72343 106540
7.76429 103644
8.05027 106540
8.09112 103644
8.3771 106540
8.41796 103644
8.70394 106540
8.74479 103644
9.03077 106540
9.07163 103644
9.35761 106540
9.39846 103644
9.68444 106540
9.7253 103644
10.0113 106540
10.0521 103644
10.141 86067
10.141 5792
10.1435 8688
10.1435 5792
10.1459 8688
10.1459 5792
10.1483 8688
10.1483 5792
10.1507 8688
10.1507 5792
10.1531 8688
10.1531 5792
10.1555 8688
10.1555 5792
10.1579 8688
10.1579 5792
10.1603 8688
10.1603 5792
10.1627 8688
10.1627 5792
10.1651 8688
10.1651 5792
10.1675 8688
10.1675 5792
10.1699 8688
10.1699 5792
10.1723 8688
10.1723 5792
10.1747 8688
10.1747 5792
10.1771 8688
10.1771 5792
10.1795 8688
10.1795 5792
10.1819 8688
10.1819 5792
10.1843 8688
10.1843 5792
10.1867 8688
10.1867 5792
10.1891 8688
10.1891 5792
10.1915 8688
10.1915 5792
10.1939 8688
10.1939 5792
10.1963 8688
10.1963 5792
10.2352 8688
10.2352 5792
10.2388 8688
10.2388 5792
10.2777 8688
10.2777 5792
10.2813 8688
10.2813 5792
10.3201 8688
10.3201 5792
10.3237 8688
10.3237 5792
10.3626 8688
10.3626 5792
10.3662 8688
10.3662 5792
10.4051 103644
10.4051 106540
10.4087 109436
10.4475 112332
10.4499 115228
10.4524 118124
10.4548 118425
10.4572 117482
10.4596 116354
10.462 115368
10.4644 114806
10.4668 114014
10.4692 113621
10.4716 112977
10.474 112413
10.4764 112220
10.4788 111751
10.4812 111641
10.4836 111244
10.486 110897
10.4884 110894
10.4908 110590
10.4956 113252
10.5028 113122
10.5076 112973
10.5148 112935
10.5196 112829
10.5317 112756
10.5629 109860
10.8657 112756
10.909 109860
11.2118 112756
11.255 109860
11.5578 112756
11.6011 109860
11.9039 112756
11.9471 109860
12.2499 112756
12.2932 109860
12.596 112756
12.6393 109860
12.9421 112756
12.9853 109860
13.2881 112756
13.3314 109860
13.6342 112756
13.6774 109860
13.9803 112756
14.0235 109860
14.3263 112756
14.3696 109860
14.6724 112756
14.7156 109860
15.0184 112756
15.0617 109860
15.3645 112756
15.4078 109860
15.7106 112756
15.7538 109860
16.0566 112756
16.0999 109860
16.4027 112756
16.4459 109860
16.7487 112756
16.792 109860
17.0948 112756
17.1381 109860
17.4409 112756
17.4841 109860
17.7869 112756
17.8302 109860
18.133 112756
18.1762 109860
18.479 112756
18.5223 109860
18.8251 112756
18.8684 109860
19.1712 112756
19.2144 109860
19.5172 112756
19.5605 109860
19.8633 112756
19.9065 109860
20.2093 112756
20.2526 109860
20.5338 65538
20.5338 5792
20.5362 8688
20.5362 5792
20.5386 8688
20.5386 5792
20.541 8688
20.541 5792
20.5434 8688
20.5434 5792
20.5458 8688
20.5458 5792
20.5482 8688
20.5482 5792
20.5506 8688
20.5506 5792
20.553 8688
20.553 5792
20.5554 8688
20.5554 5792
20.5578 8688
20.5578 5792
20.5602 8688
20.5602 5792
20.5626 8688
20.5626 5792
20.565 8688
20.565 5792
20.5674 8688
20.5674 5792
20.5698 8688
20.5698 5792
20.5722 8688
20.5722 5792
20.5746 8688
20.5746 5792
20.577 8688
20.577 5792
20.5794 8688
20.5794 5792
20.6183 8688
20.6183 5792
20.6219 8688
20.6219 5792
20.6608 8688
20.6608 5792
20.6644 8688
20.6644 5792
20.7032 8688
20.7032 5792
20.7069 8688
20.7069 5792
20.7457 8688
20.7457 5792
20.7493 8688
20.7493 5792
20.7882 109860
20.7882 112756
20.7918 112100
20.8307 111043
20.8332 110405
20.8358 109560
20.8383 109107
20.8408 108424
20.8433 108114
20.8459 107555
20.8484 107353
20.8509 106890
20.8534 106771
20.856 106380
20.8585 106325
20.861 106277
20.8635 106235
20.866 106198
20.8686 105879
20.8736 105606
20.8787 105397
20.8837 105237
20.8888 105115
20.8938 105021
20.8989 104950
20.9039 104895
20.9089 104853
20.914 104821
20.9216 107717
20.9367 107696
20.9417 107676
20.9468 107661
20.9518 107649
20.9569 107640
20.9619 107634
20.9716 108283
20.9836 109501
20.9956 110624
21.0004 107728
21.0077 108766
21.0221 109613
21.3032 112509
21.3537 109613
21.6565 112509
21.6998 109613
22.0026 112509
22.0458 109613
22.3486 112509
22.3919 109613
22.6947 112509
22.738 109613
23.0408 112509
23.084 109613
23.3868 112509
23.4301 109613
23.7329 112509
23.7761 109613
24.0789 112509
24.1222 109613
24.425 112509
24.4683 109613
24.7711 112509
24.8143 109613
25.1171 112509
25.1604 109613
25.4632 112509
25.5064 109613
25.8092 112509
25.8525 109613
26.1553 112509
26.1986 109613
26.5014 112509
26.5446 109613
26.8474 112509
26.8907 109613
27.1935 112509
27.2368 109613
27.5396 112509
27.5828 109613
27.8856 112509
27.9289 109613
28.2317 112509
28.2749 109613
28.5777 112509
28.621 109613
28.9238 112509
28.9671 109613
29.2699 112509
29.3131 109613
29.6159 112509
29.6592 109613
29.962 112509
30.0052 109613
30.308 112509
30.3513 109613
30.6541 112509
30.6974 109613
30.9641 66079
30.9641 5792
30.9665 8688
30.9665 5792
30.9689 8688
30.9689 5792
30.9713 8688
30.9713 5792
30.9737 8688
30.9737 5792
30.9761 8688
30.9761 5792
30.9785 8688
30.9785 5792
30.9809 8688
30.9809 5792
30.9833 8688
30.9833 5792
30.9857 8688
30.9857 5792
30.9881 8688
30.9881 5792
30.9905 8688
30.9905 5792
30.993 8688
30.993 5792
30.9954 8688
30.9954 5792
30.9978 8688
30.9978 5792
31.0002 8688
31.0002 5792
31.0026 8688
31.0026 5792
31.005 8688
31.005 5792
31.0074 8688
31.0074 5792
31.0098 8688
31.0098 5792
31.0486 8688
31.0486 5792
31.0522 8688
31.0522 5792
31.0911 8688
31.0911 5792
31.0947 8688
31.0947 5792
31.1336 8688
31.1336 5792
31.1372 8688
31.1372 5792
31.1761 8688
31.1761 5792
31.1797 8688
31.1797 5792
31.2185 109860
31.2185 112756
31.2221 112206
31.2611 111423
31.2636 110451
31.2661 109887
31.2686 109106
31.2712 108711
31.2737 108077
31.2762 107810
31.2787 107289
31.2812 107121
31.2838 106686
31.2863 106593
31.2888 106224
31.2913 106189
31.2939 105871
31.2989 105600
31.304 105393
31.3166 105372
31.3216 105218
31.3267 105100
31.3317 105010
31.3368 104941
31.3418 104888
31.3469 104848
31.3519 104817
31.3569 104793
31.362 104775
31.3897 104769
31.3948 104757
31.3998 104747
31.4049 104740
31.4099 104734
31.415 104730
31.4377 107626
31.468 107623
31.4755 102954
31.4829 102896
31.4877 105792
31.4901 108210
31.4998 109428
31.5118 110550
31.519 107654
31.5238 108691
31.5406 109536
31.8218 112432
31.8723 109536
32.1751 112432
32.2183 109536
32.5211 112432
32.5644 109536
32.8672 112432
32.9104 109536
33.2132 112432
33.2565 109536
33.5593 112432
33.6026 109536
33.9054 112432
33.9486 109536
34.2514 112432
34.2947 109536
34.5975 112432
34.6407 109536
34.9435 112432
34.9868 109536
35.2896 112432
35.3329 109536
35.6357 112432
35.6789 109536
35.9817 112432
36.025 109536
36.3278 112432
36.371 109536
36.6738 112432
36.7171 109536
37.0199 112432
37.0632 109536
37.366 112432
37.4092 109536
37.712 112432
37.7553 109536
38.0581 112432
38.1013 109536
38.4041 112432
38.4474 109536
38.7502 112432
38.7935 109536
39.0963 112432
39.1395 109536
39.4423 112432
39.4856 109536
39.7884 112432
39.8317 109536
40.1345 112432
40.1777 109536
40.4805 112432
40.5238 109536
40.8266 112432
40.8698 109536
41.1726 112432
41.2159 109536
41.4851 66059
41.4851 5792
41.4875 8688
41.4875 5792
41.4899 8688
41.4899 5792
41.4923 8688
41.4923 5792
41.4947 8688
41.4947 5792
41.4971 8688
41.4971 5792
41.4995 8688
41.4995 5792
41.5019 8688
41.5019 5792
41.5043 8688
41.5043 5792
41.5067 8688
41.5067 5792
41.5091 8688
41.5091 5792
41.5115 8688
41.5115 5792
41.5139 8688
41.5139 5792
41.5163 8688
41.5163 5792
41.5187 8688
41.5187 5792
41.5211 8688
41.5211 5792
41.5235 8688
41.5235 5792
41.5259 8688
41.5259 5792
41.5283 8688
41.5283 5792
41.5307 8688
41.5307 5792
41.5696 8688
41.5696 5792
41.5732 8688
41.5732 5792
41.6121 8688
41.6121 5792
41.6157 8688
41.6157 5792
41.6545 8688
41.6545 5792
41.6581 8688
41.6581 5792
41.697 8688
41.697 5792
41.7006 8688
41.7006 5792
41.7395 109860
41.7395 112756
41.7431 115652
41.7819 111169
41.7843 110516
41.7867 109657
41.7891 109192
41.7915 108499
41.794 107892
41.7964 107648
41.7988 107147
41.8012 106996
41.8036 106577
41.806 106211
41.8084 106177
41.8108 105860
41.8156 105592
41.818 105349
41.8228 106392
41.8278 106277
41.8303 109173
41.8328 109085
41.8379 109018
41.8429 108966
41.848 108926
41.8656 108918
41.8706 108889
41.8923 109764
41.9019 110635
41.9043 107739
41.9139 108780
41.9259 109598
41.9403 109685
42.2071 112581
42.2576 109685
42.5604 112581
42.6036 109685
42.9064 112581
42.9497 109685
43.2525 112581
43.2957 109685
43.5985 112581
43.6418 109685
43.9446 112581
43.9879 109685
44.2907 112581
44.3339 109685
44.6367 112581
44.68 109685
44.9828 112581
45.026 109685
45.3288 112581
45.3721 109685
45.6749 112581
45.7182 109685
46.021 112581
46.0642 109685
46.367 112581
46.4103 109685
46.7131 112581
46.7563 109685
47.0592 112581
47.1024 109685
47.4052 112581
47.4485 109685
47.7513 112581
47.7945 109685
48.0973 112581
48.1406 109685
48.4434 112581
48.4867 109685
48.7895 112581
48.8327 109685
49.1355 112581
49.1788 109685
49.4816 112581
49.5248 109685
49.8276 112581
49.8709 109685
50.1737 112581
50.217 109685
50.5198 112581
50.563 109685
50.8658 112581
50.9091 109685
51.2119 112581
51.2551 109685
51.5579 112581
51.6012 109685
51.8728 65900
51.8728 5792
51.8752 8688
51.8752 5792
51.8776 8688
51.8776 5792
51.88 8688
51.88 5792
51.8824 8688
51.8824 5792
51.8848 8688
51.8848 5792
51.8872 8688
51.8872 5792
51.8896 8688
51.8896 5792
51.892 8688
51.892 5792
51.8944 8688
51.8944 5792
51.8968 8688
51.8968 5792
51.8992 8688
51.8992 5792
51.9016 8688
51.9016 5792
51.904 8688
51.904 5792
51.9064 8688
51.9064 5792
51.9088 8688
51.9088 5792
51.9112 8688
51.9112 5792
51.9136 8688
51.9136 5792
51.916 8688
51.916 5792
51.9184 8688
51.9184 5792
51.9573 8688
51.9573 5792
51.9609 8688
51.9609 5792
51.9998 8688
51.9998 5792
52.0034 8688
52.0034 5792
52.0422 8688
52.0422 5792
52.0458 8688
52.0458 5792
52.0847 8688
52.0847 5792
52.0883 8688
52.0883 5792
52.1272 109860
52.1272 112756
52.1308 115652
52.1696 111137
52.172 110487
52.1745 109919
52.1769 109134
52.1793 108735
52.1817 108099
52.1841 107829
52.1865 107593
52.1889 107099
52.1913 106954
52.1937 106540
52.1961 106465
52.1985 106113
52.2009 105804
52.2057 105549
52.2105 106547
52.213 106331
52.218 109227
52.2205 109204
52.2256 109109
52.2306 109036
52.2357 108980
52.2407 108937
52.2458 108904
52.2508 108879
52.2558 108860
52.2608 108845
52.28 109720
52.2872 106824
52.2896 107695
52.3016 108735
52.3136 109552
52.328 109639
52.59 112535
52.6453 109639
52.9481 112535
52.9913 109639
53.2941 112535
53.3374 109639
53.6402 112535
53.6834 109639
53.9863 112535
54.0295 109639
54.3323 112535
54.3756 109639
54.6784 112535
54.7216 109639
55.0244 112535
55.0677 109639
55.3705 112535
55.4138 109639
55.7166 112535
55.7598 109639
56.0626 112535
56.1059 109639
56.4087 112535
56.4519 109639
56.7547 112535
56.798 109639
57.1008 112535
57.1441 109639
57.4469 112535
57.4901 109639
57.7929 112535
57.8362 109639
58.139 112535
58.1822 109639
58.485 112535
58.5283 109639
58.8311 112535
58.8744 109639
59.1772 112535
59.2204 109639
59.5232 112535
59.5665 109639
59.8693 112535
59.9125 109639
60.2153 112535
60.2586 109639
60.5614 112535
60.6047 109639
60.9075 112535
60.9507 109639
61.2535 112535
61.2968 109639
61.5996 112535
61.6428 109639
61.9457 112535
61.9889 109639
62.2629 65971
62.2629 5792
62.2653 8688
62.2653 5792
62.2677 8688
62.2677 5792
62.2701 8688
62.2701 5792
62.2725 8688
62.2725 5792
62.2749 8688
62.2749 5792
62.2773 8688
62.2773 5792
62.2797 8688
62.2797 5792
62.2821 8688
62.2821 5792
62.2845 8688
62.2845 5792
62.2869 8688
62.2869 5792
62.2893 8688
62.2893 5792
62.2917 8688
62.2917 5792
62.2941 8688
62.2941 5792
62.2965 8688
62.2965 5792
62.2989 8688
62.2989 5792
62.3013 8688
62.3013 5792
62.3037 8688
62.3037 5792
62.3061 8688
62.3061 5792
62.3085 8688
62.3085 5792
62.3474 8688
62.3474 5792
62.351 8688
62.351 5792
62.3899 8688
62.3899 5792
62.3935 8688
62.3935 5792
62.4323 8688
62.4323 5792
62.4359 8688
62.4359 5792
62.4748 8688
62.4748 5792
62.4784 8688
62.4784 5792
62.5173 109860
62.5173 112756
62.5209 115652
62.5598 111136
62.5622 110486
62.5646 109631
62.567 108883
62.5694 108515
62.5718 107906
62.5742 107660
62.5766 107158
62.579 106719
62.5814 106622
62.5838 106249
62.5862 106211
62.5886 105890
62.591 105609
62.5958 105400
62.6006 106432
62.6056 106307
62.6106 106212
62.6157 106139
62.6207 106084
62.6258 106041
62.6308 106008
62.6359 105983
62.6409 105964
62.6459 105949
62.6509 105938
62.6559 105930
62.6609 105923
62.6659 105918
62.6709 105914
62.6758 105911
62.6808 105909
62.6858 105907
62.6908 105906
62.6958 108801
62.7008 108800
62.7058 108799
62.7207 108798
62.7454 109194
62.7574 110125
62.7694 110978
62.7718 108082
62.7814 108866
62.7934 109590
63.0746 112486
63.1227 109590
63.4255 112486
63.4687 109590
63.7715 112486
63.8148 109590
64.1176 112486
64.1609 109590
64.4637 112486
64.5069 109590
64.8097 112486
64.853 109590
65.1558 112486
65.199 109590
65.5018 112486
65.5451 109590
65.8479 112486
65.8912 109590
66.194 112486
66.2372 109590
66.54 112486
66.5833 109590
66.8861 112486
66.9293 109590
67.2322 112486
67.2754 109590
67.5782 112486
67.6215 109590
67.9243 112486
67.9675 109590
68.2703 112486
68.3136 109590
68.6164 112486
68.6597 109590
68.9625 112486
69.0057 109590
69.3085 112486
69.3518 109590
69.6546 112486
69.6978 109590
70.0006 112486
70.0439 109590
70.3467 112486
70.39 109590
70.6928 112486
70.736 109590
71.0388 112486
71.0821 109590
71.3849 112486
71.4281 109590
71.7309 112486
71.7742 109590
72.077 112486
72.1203 109590
72.4231 112486
72.4663 109590
72.7379 65529
72.7379 5792
72.7403 8688
72.7403 5792
72.7427 8688
72.7427 5792
72.7451 8688
72.7451 5792
72.7475 8688
72.7475 5792
72.7499 8688
72.7499 5792
72.7523 8688
72.7523 5792
72.7547 8688
72.7547 5792
72.7571 8688
72.7571 5792
72.7595 8688
72.7595 5792
72.7619 8688
72.7619 5792
72.7643 8688
72.7643 5792
72.7667 8688
72.7667 5792
72.7691 8688
72.7691 5792
72.7715 8688
72.7715 5792
72.7739 8688
72.7739 5792
72.7763 8688
72.7763 5792
72.7787 8688
72.7787 5792
72.7811 8688
72.7811 5792
72.7835 8688
72.7835 5792
72.8224 8688
72.8224 5792
72.826 8688
72.826 5792
72.8649 8688
72.8649 5792
72.8685 8688
72.8685 5792
72.9074 8688
72.9074 5792
72.911 8688
72.911 5792
72.9498 8688
72.9498 5792
72.9534 8688
72.9534 5792
72.9923 109860
72.9923 112756
72.9959 111934
73.0348 110898
73.0374 110278
73.0399 109449
73.0424 109010
73.0449 108339
73.0474 108039
73.05 107490
73.0525 107296
73.055 107127
73.0575 106691
73.0601 106597
73.0626 106228
73.0651 106192
73.0676 105874
73.0727 105602
73.0777 105394
73.0828 105235
73.0878 105113
73.0929 105020
73.0979 104949
73.103 104894
73.1358 104853
73.1408 104821
73.1459 104796
73.1509 104777
73.1559 104763
73.161 104752
73.1686 107648
73.1988 107640
73.2039 107633
73.2089 107628
73.2186 108277
73.2306 109496
73.2426 110619
73.2475 107723
73.2547 108761
73.2691 109607
73.5503 112503
73.6007 109607
73.9035 112503
73.9468 109607
74.2496 112503
74.2928 109607
74.5956 112503
74.6389 109607
74.9417 112503
74.985 109607
75.2878 112503
75.331 109607
75.6338 112503
75.6771 109607
75.9799 112503
76.0231 109607
76.326 112503
76.3692 109607
76.672 112503
76.7153 109607
77.0181 112503
77.0613 109607
77.3641 112503
77.4074 109607
77.7102 112503
77.7535 109607
78.0563 112503
78.0995 109607
78.4023 112503
78.4456 109607
78.7484 112503
78.7916 109607
79.0944 112503
79.1377 109607
79.4405 112503
79.4838 109607
79.7866 112503
79.8298 109607
80.1326 112503
80.1759 109607
80.4787 112503
80.5219 109607
80.8247 112503
80.868 109607
81.1708 112503
81.2141 109607
81.5169 112503
81.5601 109607
81.8629 112503
81.9062 109607
82.209 112503
82.2522 109607
82.555 112503
82.5983 109607
82.9011 112503
82.9444 109607
83.2111 66079
83.2111 5792
83.2135 8688
83.2135 5792
83.2159 8688
83.2159 5792
83.2183 8688
83.2183 5792
83.2207 8688
83.2207 5792
83.2231 8688
83.2231 5792
83.2255 8688
83.2255 5792
83.2279 8688
83.2279 5792
83.2303 8688
83.2303 5792
83.2327 8688
83.2327 5792
83.2352 8688
83.2352 5792
83.2376 8688
83.2376 5792
83.24 8688
83.24 5792
83.2424 8688
83.2424 5792
83.2448 8688
83.2448 5792
83.2472 8688
83.2472 5792
83.2496 8688
83.2496 5792
83.252 8688
83.252 5792
83.2544 8688
83.2544 5792
83.2568 8688
83.2568 5792
83.2956 8688
83.2956 5792
83.2993 8688
83.2993 5792
83.3381 8688
83.3381 5792
83.3417 8688
83.3417 5792
83.3806 8688
83.3806 5792
83.3842 8688
83.3842 5792
83.4231 8688
83.4231 5792
83.4267 8688
83.4267 5792
83.4655 109860
83.4655 112756
83.4691 112186
83.5081 111406
83.5106 110435
83.5131 109873
83.5156 109095
83.5182 108700
83.5207 108068
83.5232 107802
83.5257 107283
83.5282 107115
83.5308 106681
83.5333 106588
83.5358 106220
83.5383 106185
83.5409 105868
83.5459 105598
83.551 105391
83.5636 105371
83.5686 105218
83.5737 105100
83.5787 105010
83.5838 104941
83.5888 104888
83.5939 104848
83.5989 104817
83.6039 104793
83.609 104775
83.6368 104769
83.6418 107653
83.6468 107643
83.6519 107636
83.6569 107630
83.662 107626
83.6918 108275
83.7039 109493
83.7159 110616
83.7207 107720
83.7279 108758
83.7423 109604
84.0235 112500
84.074 109604
84.3768 112500
84.42 109604
84.7228 112500
84.7661 109604
85.0689 112500
85.1121 109604
85.4149 112500
85.4582 109604
85.761 112500
85.8043 109604
86.1071 112500
86.1503 109604
86.4531 112500
86.4964 109604
86.7992 112500
86.8424 109604
87.1452 112500
87.1885 109604
87.4913 112500
87.5346 109604
87.8374 112500
87.8806 109604
88.1834 112500
88.2267 109604
88.5295 112500
88.5727 109604
88.8755 112500
88.9188 109604
89.2216 112500
89.2649 109604
89.5677 112500
89.6109 109604
89.9137 112500
89.957 109604
90.2598 112500
90.303 109604
90.6059 112500
90.6491 109604
90.9519 112500
90.9952 109604
91.298 112500
91.3412 109604
91.644 112500
91.6873 109604
91.9901 112500
92.0334 109604
92.3362 112500
92.3794 109604
92.6822 112500
92.7255 109604
93.0283 112500
93.0715 109604
93.3743 112500
93.4176 109604
93.6627 66050
93.6627 5792
93.6651 8688
93.6651 5792
93.6675 8688
93.6675 5792
93.6699 8688
93.6699 5792
93.6723 8688
93.6723 5792
93.6747 8688
93.6747 5792
93.6771 8688
93.6771 5792
93.6795 8688
93.6795 5792
93.6819 8688
93.6819 5792
93.6844 8688
93.6844 5792
93.6868 8688
93.6868 5792
93.6892 8688
93.6892 5792
93.6916 8688
93.6916 5792
93.694 8688
93.694 5792
93.6964 8688
93.6964 5792
93.6988 8688
93.6988 5792
93.7012 8688
93.7012 5792
93.7036 8688
93.7036 5792
93.706 8688
93.706 5792
93.7084 8688
93.7084 5792
93.7473 8688
93.7473 5792
93.7509 8688
93.7509 5792
93.7897 8688
93.7897 5792
93.7933 8688
93.7933 5792
93.8322 8688
93.8322 5792
93.8358 8688
93.8358 5792
93.8747 8688
93.8747 5792
93.8783 8688
93.8783 5792
93.9171 109860
93.9171 112756
93.9207 115652
93.9596 111065
93.962 110424
93.9644 109863
93.9668 109086
93.9692 108693
93.9716 108062
93.974 107796
93.9764 107564
93.9788 107074
93.9812 106932
93.9836 106521
93.986 106449
93.9884 106385
93.9908 106042
93.9933 106030
93.9957 105731
94.0005 106930
94.0029 106709
94.008 106520
94.0155 106434
94.0206 106309
94.0256 106214
94.0307 106141
94.0357 106084
94.0408 106042
94.0458 106009
94.0508 108880
94.0557 108860
94.0607 108846
94.0657 108834
94.0707 108826
94.0757 108819
94.0807 108814
94.0857 108810
94.0907 108807
94.1004 109204
94.1124 110135
94.1244 110987
94.1268 108091
94.1364 108876
94.1484 109599
94.4296 112495
94.4777 109599
94.7805 112495
94.8237 109599
95.1265 112495
95.1698 109599
95.4726 112495
95.5158 109599
95.8186 112495
95.8619 109599
96.1647 112495
96.208 109599
96.5108 112495
96.554 109599
96.8568 112495
96.9001 109599
97.2029 112495
97.2461 109599
97.5489 112495
97.5922 109599
97.895 112495
97.9383 109599
98.2411 112495
98.2843 109599
98.5871 112495
98.6304 109599
98.9332 112495
98.9764 109599
99.2792 112495
99.3225 109599
99.6253 112495
99.6686 109599
99.9714 112495
