0.1                                       0
0.15                                   14480
0.2                                   27512
0.25                                   50680
0.3                                   85432
0.35                                  143352
0.4                                  149144
0.45                                  149144
0.5                                  149144
0.55                                  149144
0.6                                  149144
0.65                                  149144
0.7                                  149144
0.75                                  151348
0.8                                  151348
0.85                                  151348
0.9                                  109865
0.95                                  106969
1                                  106969
1.05                                  106969
1.1                                  106969
1.15                                  106969
1.2                                  109865
1.25                                  103644
1.3                                  103644
1.35                                  103644
1.4                                  103644
1.45                                  103644
1.5                                  103644
1.55                                  106540
1.6                                  103644
1.65                                  103644
1.7                                  103644
1.75                                  103644
1.8                                  103644
1.85                                  106540
1.9                                  103644
1.95                                  103644
2                                  103644
2.05                                  103644
2.1                                  103644
2.15                                  103644
2.2                                  106540
2.25                                  103644
2.3                                  103644
2.35                                  103644
2.4                                  103644
2.45                                  103644
2.5                                  106540
2.55                                  103644
2.6                                  103644
2.65                                  103644
2.7                                  103644
2.75                                  103644
2.8                                  103644
2.85                                  106540
2.9                                  103644
2.95                                  103644
3                                  103644
3.05                                  103644
3.1                                  103644
3.15                                  106540
3.2                                  103644
3.25                                  103644
3.3                                  103644
3.35                                  103644
3.4                                  103644
3.45                                  103644
3.5                                  106540
3.55                                  103644
3.6                                  103644
3.65                                  103644
3.7                                  103644
3.75                                  103644
3.8                                  103644
3.85                                  103644
3.9                                  103644
3.95                                  103644
4                                  103644
4.05                                  103644
4.1                                  103644
4.15                                  106540
4.2                                  103644
4.25                                  103644
4.3                                  103644
4.35                                  103644
4.4                                  103644
4.45                                  103644
4.5                                  103644
4.55                                  103644
4.6                                  103644
4.65                                  103644
4.7                                  103644
4.75                                  103644
4.8                                  106540
4.85                                  103644
4.9                                  103644
4.95                                  103644
5                                  103644
5.05                                  103644
5.1                                  103644
5.15                                  103644
5.2                                  103644
5.25                                  103644
5.3                                  103644
5.35                                  103644
5.4                                  103644
5.45                                  106540
5.5                                  103644
5.55                                  103644
5.6                                  103644
5.65                                  103644
5.7                                  103644
5.75                                  103644
5.8                                  106540
5.85                                  103644
5.9                                  103644
5.95                                  103644
6                                  103644
6.05                                  103644
6.1                                  106540
6.15                                  103644
6.2                                  103644
6.25                                  103644
6.3                                  103644
6.35                                  103644
6.4                                  103644
6.45                                  106540
6.5                                  103644
6.55                                  103644
6.6                                  103644
6.65                                  103644
6.7                                  103644
6.75                                  106540
6.8                                  103644
6.85                                  103644
6.9                                  103644
6.95                                  103644
7                                  103644
7.05                                  103644
7.1                                  106540
7.15                                  103644
7.2                                  103644
7.25                                  103644
7.3                                  103644
7.35                                  103644
7.4                                  106540
7.45                                  103644
7.5                                  103644
7.55                                  103644
7.6                                  103644
7.65                                  103644
7.7                                  103644
7.75                                  106540
7.8                                  103644
7.85                                  103644
7.9                                  103644
7.95                                  103644
8                                  103644
8.05                                  103644
8.1                                  103644
8.15                                  103644
8.2                                  103644
8.25                                  103644
8.3                                  103644
8.35                                  103644
8.4                                  106540
8.45                                  103644
8.5                                  103644
8.55                                  103644
8.6                                  103644
8.65                                  103644
8.7                                  103644
8.75                                  103644
8.8                                  103644
8.85                                  103644
8.9                                  103644
8.95                                  103644
9                                  103644
9.05                                  106540
9.1                                  103644
9.15                                  103644
9.2                                  103644
9.25                                  103644
9.3                                  103644
9.35                                  103644
9.4                                  103644
9.45                                  103644
9.5                                  103644
9.55                                  103644
9.6                                  103644
9.65                                  103644
9.7                                  106540
9.75                                  103644
9.8                                  103644
9.85                                  103644
9.9                                  103644
9.95                                  103644
10                                  103644
10.05                                  106540
10.1                                  103644
10.15                                    5792
10.2                                    5792
10.25                                    5792
10.3                                    5792
10.35                                    5792
10.4                                    5792
10.45                                  115228
10.5                                  113252
10.55                                  112756
10.6                                  109860
10.65                                  109860
10.7                                  109860
10.75                                  109860
10.8                                  109860
10.85                                  109860
10.9                                  112756
10.95                                  109860
11                                  109860
11.05                                  109860
11.1                                  109860
11.15                                  109860
11.2                                  109860
11.25                                  112756
11.3                                  109860
11.35                                  109860
11.4                                  109860
11.45                                  109860
11.5                                  109860
11.55                                  109860
11.6                                  112756
11.65                                  109860
11.7                                  109860
11.75                                  109860
11.8                                  109860
11.85                                  109860
11.9                                  109860
11.95                                  109860
12                                  109860
12.05                                  109860
12.1                                  109860
12.15                                  109860
12.2                                  109860
12.25                                  112756
12.3                                  109860
12.35                                  109860
12.4                                  109860
12.45                                  109860
12.5                                  109860
12.55                                  109860
12.6                                  112756
12.65                                  109860
12.7                                  109860
12.75                                  109860
12.8                                  109860
12.85                                  109860
12.9                                  109860
12.95                                  112756
13                                  109860
13.05                                  109860
13.1                                  109860
13.15                                  109860
13.2                                  109860
13.25                                  109860
13.3                                  112756
13.35                                  109860
13.4                                  109860
13.45                                  109860
13.5                                  109860
13.55                                  109860
13.6                                  109860
13.65                                  112756
13.7                                  109860
13.75                                  109860
13.8                                  109860
13.85                                  109860
13.9                                  109860
13.95                                  109860
14                                  112756
14.05                                  109860
14.1                                  109860
14.15                                  109860
14.2                                  109860
14.25                                  109860
14.3                                  109860
14.35                                  112756
14.4                                  109860
14.45                                  109860
14.5                                  109860
14.55                                  109860
14.6                                  109860
14.65                                  109860
14.7                                  112756
14.75                                  109860
14.8                                  109860
14.85                                  109860
14.9                                  109860
14.95                                  109860
15                                  109860
15.05                                  112756
15.1                                  109860
15.15                                  109860
15.2                                  109860
15.25                                  109860
15.3                                  109860
15.35                                  109860
15.4                                  112756
15.45                                  109860
15.5                                  109860
15.55                                  109860
15.6                                  109860
15.65                                  109860
15.7                                  109860
15.75                                  112756
15.8                                  109860
15.85                                  109860
15.9                                  109860
15.95                                  109860
16                                  109860
16.05                                  109860
16.1                                  109860
16.15                                  109860
16.2                                  109860
16.25                                  109860
16.3                                  109860
16.35                                  109860
16.4                                  109860
16.45                                  109860
16.5                                  109860
16.55                                  109860
16.6                                  109860
16.65                                  109860
16.7                                  109860
16.75                                  112756
16.8                                  109860
16.85                                  109860
16.9                                  109860
16.95                                  109860
17                                  109860
17.05                                  109860
17.1                                  112756
17.15                                  109860
17.2                                  109860
17.25                                  109860
17.3                                  109860
17.35                                  109860
17.4                                  109860
17.45                                  112756
17.5                                  109860
17.55                                  109860
17.6                                  109860
17.65                                  109860
17.7                                  109860
17.75                                  109860
17.8                                  112756
17.85                                  109860
17.9                                  109860
17.95                                  109860
18                                  109860
18.05                                  109860
18.1                                  109860
18.15                                  112756
18.2                                  109860
18.25                                  109860
18.3                                  109860
18.35                                  109860
18.4                                  109860
18.45                                  109860
18.5                                  112756
18.55                                  109860
18.6                                  109860
18.65                                  109860
18.7                                  109860
18.75                                  109860
18.8                                  109860
18.85                                  112756
18.9                                  109860
18.95                                  109860
19                                  109860
19.05                                  109860
19.1                                  109860
19.15                                  109860
19.2                                  112756
19.25                                  109860
19.3                                  109860
19.35                                  109860
19.4                                  109860
19.45                                  109860
19.5                                  109860
19.55                                  112756
19.6                                  109860
19.65                                  109860
19.7                                  109860
19.75                                  109860
19.8                                  109860
19.85                                  109860
19.9                                  112756
19.95                                  109860
20                                  109860
20.05                                  109860
20.1                                  109860
20.15                                  109860
20.2                                  109860
20.25                                  112756
20.3                                  109860
20.35                                  109860
20.4                                  109860
20.45                                  109860
20.5                                  109860
20.55                                    5792
20.6                                    5792
20.65                                    5792
20.7                                    5792
20.75                                    5792
20.8                                  112100
20.85                                  107353
20.9                                  104950
20.95                                  107661
21                                  110624
21.05                                  109613
21.1                                  109613
21.15                                  109613
21.2                                  109613
21.25                                  109613
21.3                                  109613
21.35                                  112509
21.4                                  109613
21.45                                  109613
21.5                                  109613
21.55                                  109613
21.6                                  109613
21.65                                  109613
21.7                                  109613
21.75                                  109613
21.8                                  109613
21.85                                  109613
21.9                                  109613
21.95                                  109613
22                                  109613
22.05                                  109613
22.1                                  109613
22.15                                  109613
22.2                                  109613
22.25                                  109613
22.3                                  109613
22.35                                  112509
22.4                                  109613
22.45                                  109613
22.5                                  109613
22.55                                  109613
22.6                                  109613
22.65                                  109613
22.7                                  112509
22.75                                  109613
22.8                                  109613
22.85                                  109613
22.9                                  109613
22.95                                  109613
23                                  109613
23.05                                  112509
23.1                                  109613
23.15                                  109613
23.2                                  109613
23.25                                  109613
23.3                                  109613
23.35                                  109613
23.4                                  112509
23.45                                  109613
23.5                                  109613
23.55                                  109613
23.6                                  109613
23.65                                  109613
23.7                                  109613
23.75                                  112509
23.8                                  109613
23.85                                  109613
23.9                                  109613
23.95                                  109613
24                                  109613
24.05                                  109613
24.1                                  112509
24.15                                  109613
24.2                                  109613
24.25                                  109613
24.3                                  109613
24.35                                  109613
24.4                                  109613
24.45                                  112509
24.5                                  109613
24.55                                  109613
24.6                                  109613
24.65                                  109613
24.7                                  109613
24.75                                  109613
24.8                                  112509
24.85                                  109613
24.9                                  109613
24.95                                  109613
25                                  109613
25.05                                  109613
25.1                                  109613
25.15                                  112509
25.2                                  109613
25.25                                  109613
25.3                                  109613
25.35                                  109613
25.4                                  109613
25.45                                  109613
25.5                                  112509
25.55                                  109613
25.6                                  109613
25.65                                  109613
25.7                                  109613
25.75                                  109613
25.8                                  109613
25.85                                  112509
25.9                                  109613
25.95                                  109613
26                                  109613
26.05                                  109613
26.1                                  109613
26.15                                  109613
26.2                                  109613
26.25                                  109613
26.3                                  109613
26.35                                  109613
26.4                                  109613
26.45                                  109613
26.5                                  109613
26.55                                  109613
26.6                                  109613
26.65                                  109613
26.7                                  109613
26.75                                  109613
26.8                                  109613
26.85                                  112509
26.9                                  109613
26.95                                  109613
27                                  109613
27.05                                  109613
27.1                                  109613
27.15                                  109613
27.2                                  112509
27.25                                  109613
27.3                                  109613
27.35                                  109613
27.4                                  109613
27.45                                  109613
27.5                                  109613
27.55                                  112509
27.6                                  109613
27.65                                  109613
27.7                                  109613
27.75                                  109613
27.8                                  109613
27.85                                  109613
27.9                                  112509
27.95                                  109613
28                                  109613
28.05                                  109613
28.1                                  109613
28.15                                  109613
28.2                                  109613
28.25                                  112509
28.3                                  109613
28.35                                  109613
28.4                                  109613
28.45                                  109613
28.5                                  109613
28.55                                  109613
28.6                                  112509
28.65                                  109613
28.7                                  109613
28.75                                  109613
28.8                                  109613
28.85                                  109613
28.9                                  109613
28.95                                  112509
29                                  109613
29.05                                  109613
29.1                                  109613
29.15                                  109613
29.2                                  109613
29.25                                  109613
29.3                                  112509
29.35                                  109613
29.4                                  109613
29.45                                  109613
29.5                                  109613
29.55                                  109613
29.6                                  109613
29.65                                  112509
29.7                                  109613
29.75                                  109613
29.8                                  109613
29.85                                  109613
29.9                                  109613
29.95                                  109613
30                                  112509
30.05                                  109613
30.1                                  109613
30.15                                  109613
30.2                                  109613
30.25                                  109613
30.3                                  109613
30.35                                  112509
30.4                                  109613
30.45                                  109613
30.5                                  109613
30.55                                  109613
30.6                                  109613
30.65                                  109613
30.7                                  109613
30.75                                  109613
30.8                                  109613
30.85                                  109613
30.9                                  109613
30.95                                  109613
31                                    5792
31.05                                    5792
31.1                                    5792
31.15                                    5792
31.2                                    5792
31.25                                  112206
31.3                                  105600
31.35                                  104848
31.4                                  104747
31.45                                  107626
31.5                                  109428
31.55                                  109536
31.6                                  109536
31.65                                  109536
31.7                                  109536
31.75                                  109536
31.8                                  109536
31.85                                  112432
31.9                                  109536
31.95                                  109536
32                                  109536
32.05                                  109536
32.1                                  109536
32.15                                  109536
32.2                                  112432
32.25                                  109536
32.3                                  109536
32.35                                  109536
32.4                                  109536
32.45                                  109536
32.5                                  109536
32.55                                  112432
32.6                                  109536
32.65                                  109536
32.7                                  109536
32.75                                  109536
32.8                                  109536
32.85                                  109536
32.9                                  112432
32.95                                  109536
33                                  109536
33.05                                  109536
33.1                                  109536
33.15                                  109536
33.2                                  109536
33.25                                  112432
33.3                                  109536
33.35                                  109536
33.4                                  109536
33.45                                  109536
33.5                                  109536
33.55                                  109536
33.6                                  112432
33.65                                  109536
33.7                                  109536
33.75                                  109536
33.8                                  109536
33.85                                  109536
33.9                                  109536
33.95                                  109536
34                                  109536
34.05                                  109536
34.1                                  109536
34.15                                  109536
34.2                                  109536
34.25                                  109536
34.3                                  109536
34.35                                  109536
34.4                                  109536
34.45                                  109536
34.5                                  109536
34.55                                  109536
34.6                                  112432
34.65                                  109536
34.7                                  109536
34.75                                  109536
34.8                                  109536
34.85                                  109536
34.9                                  109536
34.95                                  112432
35                                  109536
35.05                                  109536
35.1                                  109536
35.15                                  109536
35.2                                  109536
35.25                                  109536
35.3                                  112432
35.35                                  109536
35.4                                  109536
35.45                                  109536
35.5                                  109536
35.55                                  109536
35.6                                  109536
35.65                                  112432
35.7                                  109536
35.75                                  109536
35.8                                  109536
35.85                                  109536
35.9                                  109536
35.95                                  109536
36                                  112432
36.05                                  109536
36.1                                  109536
36.15                                  109536
36.2                                  109536
36.25                                  109536
36.3                                  109536
36.35                                  112432
36.4                                  109536
36.45                                  109536
36.5                                  109536
36.55                                  109536
36.6                                  109536
36.65                                  109536
36.7                                  112432
36.75                                  109536
36.8                                  109536
36.85                                  109536
36.9                                  109536
36.95                                  109536
37                                  109536
37.05                                  112432
37.1                                  109536
37.15                                  109536
37.2                                  109536
37.25                                  109536
37.3                                  109536
37.35                                  109536
37.4                                  112432
37.45                                  109536
37.5                                  109536
37.55                                  109536
37.6                                  109536
37.65                                  109536
37.7                                  109536
37.75                                  112432
37.8                                  109536
37.85                                  109536
37.9                                  109536
37.95                                  109536
38                                  109536
38.05                                  109536
38.1                                  112432
38.15                                  109536
38.2                                  109536
38.25                                  109536
38.3                                  109536
38.35                                  109536
38.4                                  109536
38.45                                  109536
38.5                                  109536
38.55                                  109536
38.6                                  109536
38.65                                  109536
38.7                                  109536
38.75                                  109536
38.8                                  109536
38.85                                  109536
38.9                                  109536
38.95                                  109536
39                                  109536
39.05                                  109536
39.1                                  112432
39.15                                  109536
39.2                                  109536
39.25                                  109536
39.3                                  109536
39.35                                  109536
39.4                                  109536
39.45                                  112432
39.5                                  109536
39.55                                  109536
39.6                                  109536
39.65                                  109536
39.7                                  109536
39.75                                  109536
39.8                                  112432
39.85                                  109536
39.9                                  109536
39.95                                  109536
40                                  109536
40.05                                  109536
40.1                                  109536
40.15                                  112432
40.2                                  109536
40.25                                  109536
40.3                                  109536
40.35                                  109536
40.4                                  109536
40.45                                  109536
40.5                                  112432
40.55                                  109536
40.6                                  109536
40.65                                  109536
40.7                                  109536
40.75                                  109536
40.8                                  109536
40.85                                  112432
40.9                                  109536
40.95                                  109536
41                                  109536
41.05                                  109536
41.1                                  109536
41.15                                  109536
41.2                                  112432
41.25                                  109536
41.3                                  109536
41.35                                  109536
41.4                                  109536
41.45                                  109536
41.5                                    5792
41.55                                    5792
41.6                                    5792
41.65                                    5792
41.7                                    5792
41.75                                  115652
41.8                                  107147
41.85                                  108926
41.9                                  109764
41.95                                  109685
42                                  109685
42.05                                  109685
42.1                                  109685
42.15                                  109685
42.2                                  109685
42.25                                  112581
42.3                                  109685
42.35                                  109685
42.4                                  109685
42.45                                  109685
42.5                                  109685
42.55                                  109685
42.6                                  112581
42.65                                  109685
42.7                                  109685
42.75                                  109685
42.8                                  109685
42.85                                  109685
42.9                                  109685
42.95                                  109685
43                                  109685
43.05                                  109685
43.1                                  109685
43.15                                  109685
43.2                                  109685
43.25                                  109685
43.3                                  109685
43.35                                  109685
43.4                                  109685
43.45                                  109685
43.5                                  109685
43.55                                  109685
43.6                                  112581
43.65                                  109685
43.7                                  109685
43.75                                  109685
43.8                                  109685
43.85                                  109685
43.9                                  109685
43.95                                  112581
44                                  109685
44.05                                  109685
44.1                                  109685
44.15                                  109685
44.2                                  109685
44.25                                  109685
44.3                                  112581
44.35                                  109685
44.4                                  109685
44.45                                  109685
44.5                                  109685
44.55                                  109685
44.6                                  109685
44.65                                  112581
44.7                                  109685
44.75                                  109685
44.8                                  109685
44.85                                  109685
44.9                                  109685
44.95                                  109685
45                                  112581
45.05                                  109685
45.1                                  109685
45.15                                  109685
45.2                                  109685
45.25                                  109685
45.3                                  109685
45.35                                  112581
45.4                                  109685
45.45                                  109685
45.5                                  109685
45.55                                  109685
45.6                                  109685
45.65                                  109685
45.7                                  112581
45.75                                  109685
45.8                                  109685
45.85                                  109685
45.9                                  109685
45.95                                  109685
46                                  109685
46.05                                  112581
46.1                                  109685
46.15                                  109685
46.2                                  109685
46.25                                  109685
46.3                                  109685
46.35                                  109685
46.4                                  112581
46.45                                  109685
46.5                                  109685
46.55                                  109685
46.6                                  109685
46.65                                  109685
46.7                                  109685
46.75                                  112581
46.8                                  109685
46.85                                  109685
46.9                                  109685
46.95                                  109685
47                                  109685
47.05                                  109685
47.1                                  112581
47.15                                  109685
47.2                                  109685
47.25                                  109685
47.3                                  109685
47.35                                  109685
47.4                                  109685
47.45                                  109685
47.5                                  109685
47.55                                  109685
47.6                                  109685
47.65                                  109685
47.7                                  109685
47.75                                  109685
47.8                                  109685
47.85                                  109685
47.9                                  109685
47.95                                  109685
48                                  109685
48.05                                  109685
48.1                                  112581
48.15                                  109685
48.2                                  109685
48.25                                  109685
48.3                                  109685
48.35                                  109685
48.4                                  109685
48.45                                  112581
48.5                                  109685
48.55                                  109685
48.6                                  109685
48.65                                  109685
48.7                                  109685
48.75                                  109685
48.8                                  112581
48.85                                  109685
48.9                                  109685
48.95                                  109685
49                                  109685
49.05                                  109685
49.1                                  109685
49.15                                  112581
49.2                                  109685
49.25                                  109685
49.3                                  109685
49.35                                  109685
49.4                                  109685
49.45                                  109685
49.5                                  112581
49.55                                  109685
49.6                                  109685
49.65                                  109685
49.7                                  109685
49.75                                  109685
49.8                                  109685
49.85                                  112581
49.9                                  109685
49.95                                  109685
50                                  109685
50.05                                  109685
50.1                                  109685
50.15                                  109685
50.2                                  112581
50.25                                  109685
50.3                                  109685
50.35                                  109685
50.4                                  109685
50.45                                  109685
50.5                                  109685
50.55                                  112581
50.6                                  109685
50.65                                  109685
50.7                                  109685
50.75                                  109685
50.8                                  109685
50.85                                  109685
50.9                                  112581
50.95                                  109685
51                                  109685
51.05                                  109685
51.1                                  109685
51.15                                  109685
51.2                                  109685
51.25                                  112581
51.3                                  109685
51.35                                  109685
51.4                                  109685
51.45                                  109685
51.5                                  109685
51.55                                  109685
51.6                                  112581
51.65                                  109685
51.7                                  109685
51.75                                  109685
51.8                                  109685
51.85                                  109685
51.9                                    5792
51.95                                    5792
52                                    5792
52.05                                    5792
52.1                                    5792
52.15                                  115652
52.2                                  106113
52.25                                  108904
52.3                                  107695
52.35                                  109639
52.4                                  109639
52.45                                  109639
52.5                                  109639
52.55                                  109639
52.6                                  112535
52.65                                  109639
52.7                                  109639
52.75                                  109639
52.8                                  109639
52.85                                  109639
52.9                                  109639
52.95                                  112535
53                                  109639
53.05                                  109639
53.1                                  109639
53.15                                  109639
53.2                                  109639
53.25                                  109639
53.3                                  112535
53.35                                  109639
53.4                                  109639
53.45                                  109639
53.5                                  109639
53.55                                  109639
53.6                                  109639
53.65                                  112535
53.7                                  109639
53.75                                  109639
53.8                                  109639
53.85                                  109639
53.9                                  109639
53.95                                  109639
54                                  112535
54.05                                  109639
54.1                                  109639
54.15                                  109639
54.2                                  109639
54.25                                  109639
54.3                                  109639
54.35                                  112535
54.4                                  109639
54.45                                  109639
54.5                                  109639
54.55                                  109639
54.6                                  109639
54.65                                  109639
54.7                                  112535
54.75                                  109639
54.8                                  109639
54.85                                  109639
54.9                                  109639
54.95                                  109639
55                                  109639
55.05                                  112535
55.1                                  109639
55.15                                  109639
55.2                                  109639
55.25                                  109639
55.3                                  109639
55.35                                  109639
55.4                                  112535
55.45                                  109639
55.5                                  109639
55.55                                  109639
55.6                                  109639
55.65                                  109639
55.7                                  109639
55.75                                  112535
55.8                                  109639
55.85                                  109639
55.9                                  109639
55.95                                  109639
56                                  109639
56.05                                  109639
56.1                                  112535
56.15                                  109639
56.2                                  109639
56.25                                  109639
56.3                                  109639
56.35                                  109639
56.4                                  109639
56.45                                  112535
56.5                                  109639
56.55                                  109639
56.6                                  109639
56.65                                  109639
56.7                                  109639
56.75                                  109639
56.8                                  109639
56.85                                  109639
56.9                                  109639
56.95                                  109639
57                                  109639
57.05                                  109639
57.1                                  109639
57.15                                  109639
57.2                                  109639
57.25                                  109639
57.3                                  109639
57.35                                  109639
57.4                                  109639
57.45                                  112535
57.5                                  109639
57.55                                  109639
57.6                                  109639
57.65                                  109639
57.7                                  109639
57.75                                  109639
57.8                                  112535
57.85                                  109639
57.9                                  109639
57.95                                  109639
58                                  109639
58.05                                  109639
58.1                                  109639
58.15                                  112535
58.2                                  109639
58.25                                  109639
58.3                                  109639
58.35                                  109639
58.4                                  109639
58.45                                  109639
58.5                                  112535
58.55                                  109639
58.6                                  109639
58.65                                  109639
58.7                                  109639
58.75                                  109639
58.8                                  109639
58.85                                  112535
58.9                                  109639
58.95                                  109639
59                                  109639
59.05                                  109639
59.1                                  109639
59.15                                  109639
59.2                                  112535
59.25                                  109639
59.3                                  109639
59.35                                  109639
59.4                                  109639
59.45                                  109639
59.5                                  109639
59.55                                  112535
59.6                                  109639
59.65                                  109639
59.7                                  109639
59.75                                  109639
59.8                                  109639
59.85                                  109639
59.9                                  112535
59.95                                  109639
60                                  109639
60.05                                  109639
60.1                                  109639
60.15                                  109639
60.2                                  109639
60.25                                  112535
60.3                                  109639
60.35                                  109639
60.4                                  109639
60.45                                  109639
60.5                                  109639
60.55                                  109639
60.6                                  112535
60.65                                  109639
60.7                                  109639
60.75                                  109639
60.8                                  109639
60.85                                  109639
60.9                                  109639
60.95                                  112535
61                                  109639
61.05                                  109639
61.1                                  109639
61.15                                  109639
61.2                                  109639
61.25                                  109639
61.3                                  109639
61.35                                  109639
61.4                                  109639
61.45                                  109639
61.5                                  109639
61.55                                  109639
61.6                                  112535
61.65                                  109639
61.7                                  109639
61.75                                  109639
61.8                                  109639
61.85                                  109639
61.9                                  109639
61.95                                  112535
62                                  109639
62.05                                  109639
62.1                                  109639
62.15                                  109639
62.2                                  109639
62.25                                  109639
62.3                                    5792
62.35                                    5792
62.4                                    5792
62.45                                    5792
62.5                                    5792
62.55                                  115652
62.6                                  105400
62.65                                  105949
62.7                                  108801
62.75                                  109194
62.8                                  109590
62.85                                  109590
62.9                                  109590
62.95                                  109590
63                                  109590
63.05                                  109590
63.1                                  112486
63.15                                  109590
63.2                                  109590
63.25                                  109590
63.3                                  109590
63.35                                  109590
63.4                                  109590
63.45                                  112486
63.5                                  109590
63.55                                  109590
63.6                                  109590
63.65                                  109590
63.7                                  109590
63.75                                  109590
63.8                                  112486
63.85                                  109590
63.9                                  109590
63.95                                  109590
64                                  109590
64.05                                  109590
64.1                                  109590
64.15                                  112486
64.2                                  109590
64.25                                  109590
64.3                                  109590
64.35                                  109590
64.4                                  109590
64.45                                  109590
64.5                                  112486
64.55                                  109590
64.6                                  109590
64.65                                  109590
64.7                                  109590
64.75                                  109590
64.8                                  109590
64.85                                  112486
64.9                                  109590
64.95                                  109590
65                                  109590
65.05                                  109590
65.1                                  109590
65.15                                  109590
65.2                                  109590
65.25                                  109590
65.3                                  109590
65.35                                  109590
65.4                                  109590
65.45                                  109590
65.5                                  109590
65.55                                  109590
65.6                                  109590
65.65                                  109590
65.7                                  109590
65.75                                  109590
65.8                                  109590
65.85                                  112486
65.9                                  109590
65.95                                  109590
66                                  109590
66.05                                  109590
66.1                                  109590
66.15                                  109590
66.2                                  112486
66.25                                  109590
66.3                                  109590
66.35                                  109590
66.4                                  109590
66.45                                  109590
66.5                                  109590
66.55                                  112486
66.6                                  109590
66.65                                  109590
66.7                                  109590
66.75                                  109590
66.8                                  109590
66.85                                  109590
66.9                                  112486
66.95                                  109590
67                                  109590
67.05                                  109590
67.1                                  109590
67.15                                  109590
67.2                                  109590
67.25                                  112486
67.3                                  109590
67.35                                  109590
67.4                                  109590
67.45                                  109590
67.5                                  109590
67.55                                  109590
67.6                                  112486
67.65                                  109590
67.7                                  109590
67.75                                  109590
67.8                                  109590
67.85                                  109590
67.9                                  109590
67.95                                  112486
68                                  109590
68.05                                  109590
68.1                                  109590
68.15                                  109590
68.2                                  109590
68.25                                  109590
68.3                                  112486
68.35                                  109590
68.4                                  109590
68.45                                  109590
68.5                                  109590
68.55                                  109590
68.6                                  109590
68.65                                  112486
68.7                                  109590
68.75                                  109590
68.8                                  109590
68.85                                  109590
68.9                                  109590
68.95                                  109590
69                                  112486
69.05                                  109590
69.1                                  109590
69.15                                  109590
69.2                                  109590
69.25                                  109590
69.3                                  109590
69.35                                  112486
69.4                                  109590
69.45                                  109590
69.5                                  109590
69.55                                  109590
69.6                                  109590
69.65                                  109590
69.7                                  109590
69.75                                  109590
69.8                                  109590
69.85                                  109590
69.9                                  109590
69.95                                  109590
70                                  109590
70.05                                  109590
70.1                                  109590
70.15                                  109590
70.2                                  109590
70.25                                  109590
70.3                                  109590
70.35                                  112486
70.4                                  109590
70.45                                  109590
70.5                                  109590
70.55                                  109590
70.6                                  109590
70.65                                  109590
70.7                                  112486
70.75                                  109590
70.8                                  109590
70.85                                  109590
70.9                                  109590
70.95                                  109590
71                                  109590
71.05                                  112486
71.1                                  109590
71.15                                  109590
71.2                                  109590
71.25                                  109590
71.3                                  109590
71.35                                  109590
71.4                                  112486
71.45                                  109590
71.5                                  109590
71.55                                  109590
71.6                                  109590
71.65                                  109590
71.7                                  109590
71.75                                  112486
71.8                                  109590
71.85                                  109590
71.9                                  109590
71.95                                  109590
72                                  109590
72.05                                  109590
72.1                                  112486
72.15                                  109590
72.2                                  109590
72.25                                  109590
72.3                                  109590
72.35                                  109590
72.4                                  109590
72.45                                  112486
72.5                                  109590
72.55                                  109590
72.6                                  109590
72.65                                  109590
72.7                                  109590
72.75                                    5792
72.8                                    5792
72.85                                    5792
72.9                                    5792
72.95                                    5792
73                                  111934
73.05                                  107490
73.1                                  104949
73.15                                  104796
73.2                                  107640
73.25                                  107723
73.3                                  109607
73.35                                  109607
73.4                                  109607
73.45                                  109607
73.5                                  109607
73.55                                  109607
73.6                                  112503
73.65                                  109607
73.7                                  109607
73.75                                  109607
73.8                                  109607
73.85                                  109607
73.9                                  109607
73.95                                  109607
74                                  109607
74.05                                  109607
74.1                                  109607
74.15                                  109607
74.2                                  109607
74.25                                  112503
74.3                                  109607
74.35                                  109607
74.4                                  109607
74.45                                  109607
74.5                                  109607
74.55                                  109607
74.6                                  112503
74.65                                  109607
74.7                                  109607
74.75                                  109607
74.8                                  109607
74.85                                  109607
74.9                                  109607
74.95                                  112503
75                                  109607
75.05                                  109607
75.1                                  109607
75.15                                  109607
75.2                                  109607
75.25                                  109607
75.3                                  112503
75.35                                  109607
75.4                                  109607
75.45                                  109607
75.5                                  109607
75.55                                  109607
75.6                                  109607
75.65                                  112503
75.7                                  109607
75.75                                  109607
75.8                                  109607
75.85                                  109607
75.9                                  109607
75.95                                  109607
76                                  112503
76.05                                  109607
76.1                                  109607
76.15                                  109607
76.2                                  109607
76.25                                  109607
76.3                                  109607
76.35                                  112503
76.4                                  109607
76.45                                  109607
76.5                                  109607
76.55                                  109607
76.6                                  109607
76.65                                  109607
76.7                                  112503
76.75                                  109607
76.8                                  109607
76.85                                  109607
76.9                                  109607
76.95                                  109607
77                                  109607
77.05                                  112503
77.1                                  109607
77.15                                  109607
77.2                                  109607
77.25                                  109607
77.3                                  109607
77.35                                  109607
77.4                                  112503
77.45                                  109607
77.5                                  109607
77.55                                  109607
77.6                                  109607
77.65                                  109607
77.7                                  109607
77.75                                  112503
77.8                                  109607
77.85                                  109607
77.9                                  109607
77.95                                  109607
78                                  109607
78.05                                  109607
78.1                                  109607
78.15                                  109607
78.2                                  109607
78.25                                  109607
78.3                                  109607
78.35                                  109607
78.4                                  109607
78.45                                  109607
78.5                                  109607
78.55                                  109607
78.6                                  109607
78.65                                  109607
78.7                                  109607
78.75                                  112503
78.8                                  109607
78.85                                  109607
78.9                                  109607
78.95                                  109607
79                                  109607
79.05                                  109607
79.1                                  112503
79.15                                  109607
79.2                                  109607
79.25                                  109607
79.3                                  109607
79.35                                  109607
79.4                                  109607
79.45                                  112503
79.5                                  109607
79.55                                  109607
79.6                                  109607
79.65                                  109607
79.7                                  109607
79.75                                  109607
79.8                                  112503
79.85                                  109607
79.9                                  109607
79.95                                  109607
80                                  109607
80.05                                  109607
80.1                                  109607
80.15                                  112503
80.2                                  109607
80.25                                  109607
80.3                                  109607
80.35                                  109607
80.4                                  109607
80.45                                  109607
80.5                                  112503
80.55                                  109607
80.6                                  109607
80.65                                  109607
80.7                                  109607
80.75                                  109607
80.8                                  109607
80.85                                  112503
80.9                                  109607
80.95                                  109607
81                                  109607
81.05                                  109607
81.1                                  109607
81.15                                  109607
81.2                                  112503
81.25                                  109607
81.3                                  109607
81.35                                  109607
81.4                                  109607
81.45                                  109607
81.5                                  109607
81.55                                  112503
81.6                                  109607
81.65                                  109607
81.7                                  109607
81.75                                  109607
81.8                                  109607
81.85                                  109607
81.9                                  112503
81.95                                  109607
82                                  109607
82.05                                  109607
82.1                                  109607
82.15                                  109607
82.2                                  109607
82.25                                  112503
82.3                                  109607
82.35                                  109607
82.4                                  109607
82.45                                  109607
82.5                                  109607
82.55                                  109607
82.6                                  109607
82.65                                  109607
82.7                                  109607
82.75                                  109607
82.8                                  109607
82.85                                  109607
82.9                                  109607
82.95                                  109607
83                                  109607
83.05                                  109607
83.1                                  109607
83.15                                  109607
83.2                                  109607
83.25                                    5792
83.3                                    5792
83.35                                    5792
83.4                                    5792
83.45                                    5792
83.5                                  112186
83.55                                  105598
83.6                                  104817
83.65                                  107643
83.7                                  108275
83.75                                  109604
83.8                                  109604
83.85                                  109604
83.9                                  109604
83.95                                  109604
84                                  109604
84.05                                  112500
84.1                                  109604
84.15                                  109604
84.2                                  109604
84.25                                  109604
84.3                                  109604
84.35                                  109604
84.4                                  112500
84.45                                  109604
84.5                                  109604
84.55                                  109604
84.6                                  109604
84.65                                  109604
84.7                                  109604
84.75                                  112500
84.8                                  109604
84.85                                  109604
84.9                                  109604
84.95                                  109604
85                                  109604
85.05                                  109604
85.1                                  112500
85.15                                  109604
85.2                                  109604
85.25                                  109604
85.3                                  109604
85.35                                  109604
85.4                                  109604
85.45                                  112500
85.5                                  109604
85.55                                  109604
85.6                                  109604
85.65                                  109604
85.7                                  109604
85.75                                  109604
85.8                                  112500
85.85                                  109604
85.9                                  109604
85.95                                  109604
86                                  109604
86.05                                  109604
86.1                                  109604
86.15                                  112500
86.2                                  109604
86.25                                  109604
86.3                                  109604
86.35                                  109604
86.4                                  109604
86.45                                  109604
86.5                                  109604
86.55                                  109604
86.6                                  109604
86.65                                  109604
86.7                                  109604
86.75                                  109604
86.8                                  112500
86.85                                  109604
86.9                                  109604
86.95                                  109604
87                                  109604
87.05                                  109604
87.1                                  109604
87.15                                  112500
87.2                                  109604
87.25                                  109604
87.3                                  109604
87.35                                  109604
87.4                                  109604
87.45                                  109604
87.5                                  112500
87.55                                  109604
87.6                                  109604
87.65                                  109604
87.7                                  109604
87.75                                  109604
87.8                                  109604
87.85                                  112500
87.9                                  109604
87.95                                  109604
88                                  109604
88.05                                  109604
88.1                                  109604
88.15                                  109604
88.2                                  112500
88.25                                  109604
88.3                                  109604
88.35                                  109604
88.4                                  109604
88.45                                  109604
88.5                                  109604
88.55                                  112500
88.6                                  109604
88.65                                  109604
88.7                                  109604
88.75                                  109604
88.8                                  109604
88.85                                  109604
88.9                                  112500
88.95                                  109604
89                                  109604
89.05                                  109604
89.1                                  109604
89.15                                  109604
89.2                                  109604
89.25                                  112500
89.3                                  109604
89.35                                  109604
89.4                                  109604
89.45                                  109604
89.5                                  109604
89.55                                  109604
89.6                                  112500
89.65                                  109604
89.7                                  109604
89.75                                  109604
89.8                                  109604
89.85                                  109604
89.9                                  109604
89.95                                  112500
90                                  109604
90.05                                  109604
90.1                                  109604
90.15                                  109604
90.2                                  109604
90.25                                  109604
90.3                                  112500
90.35                                  109604
90.4                                  109604
90.45                                  109604
90.5                                  109604
90.55                                  109604
90.6                                  109604
90.65                                  109604
90.7                                  109604
90.75                                  109604
90.8                                  109604
90.85                                  109604
90.9                                  109604
90.95                                  109604
91                                  109604
91.05                                  109604
91.1                                  109604
91.15                                  109604
91.2                                  109604
91.25                                  109604
91.3                                  112500
91.35                                  109604
91.4                                  109604
91.45                                  109604
91.5                                  109604
91.55                                  109604
91.6                                  109604
91.65                                  112500
91.7                                  109604
91.75                                  109604
91.8                                  109604
91.85                                  109604
91.9                                  109604
91.95                                  109604
92                                  112500
92.05                                  109604
92.1                                  109604
92.15                                  109604
92.2                                  109604
92.25                                  109604
92.3                                  109604
92.35                                  112500
92.4                                  109604
92.45                                  109604
92.5                                  109604
92.55                                  109604
92.6                                  109604
92.65                                  109604
92.7                                  112500
92.75                                  109604
92.8                                  109604
92.85                                  109604
92.9                                  109604
92.95                                  109604
93                                  109604
93.05                                  112500
93.1                                  109604
93.15                                  109604
93.2                                  109604
93.25                                  109604
93.3                                  109604
93.35                                  109604
93.4                                  112500
93.45                                  109604
93.5                                  109604
93.55                                  109604
93.6                                  109604
93.65                                  109604
93.7                                    5792
93.75                                    5792
93.8                                    5792
93.85                                    5792
93.9                                    5792
93.95                                  115652
94                                  105731
94.05                                  106009
94.1                                  108807
94.15                                  109599
94.2                                  109599
94.25                                  109599
94.3                                  109599
94.35                                  109599
94.4                                  109599
94.45                                  112495
94.5                                  109599
94.55                                  109599
94.6                                  109599
94.65                                  109599
94.7                                  109599
94.75                                  109599
94.8                                  112495
94.85                                  109599
94.9                                  109599
94.95                                  109599
95                                  109599
95.05                                  109599
95.1                                  109599
95.15                                  112495
95.2                                  109599
95.25                                  109599
95.3                                  109599
95.35                                  109599
95.4                                  109599
95.45                                  109599
95.5                                  112495
95.55                                  109599
95.6                                  109599
95.65                                  109599
95.7                                  109599
95.75                                  109599
95.8                                  109599
95.85                                  112495
95.9                                  109599
95.95                                  109599
96                                  109599
96.05                                  109599
96.1                                  109599
96.15                                  109599
96.2                                  112495
96.25                                  109599
96.3                                  109599
96.35                                  109599
96.4                                  109599
96.45                                  109599
96.5                                  109599
96.55                                  112495
96.6                                  109599
96.65                                  109599
96.7                                  109599
96.75                                  109599
96.8                                  109599
96.85                                  109599
96.9                                  112495
96.95                                  109599
97                                  109599
97.05                                  109599
97.1                                  109599
97.15                                  109599
97.2                                  109599
97.25                                  109599
97.3                                  109599
97.35                                  109599
97.4                                  109599
97.45                                  109599
97.5                                  109599
97.55                                  112495
97.6                                  109599
97.65                                  109599
97.7                                  109599
97.75                                  109599
97.8                                  109599
97.85                                  109599
97.9                                  112495
97.95                                  109599
98                                  109599
98.05                                  109599
98.1                                  109599
98.15                                  109599
98.2                                  109599
98.25                                  112495
98.3                                  109599
98.35                                  109599
98.4                                  109599
98.45                                  109599
98.5                                  109599
98.55                                  109599
98.6                                  112495
98.65                                  109599
98.7                                  109599
98.75                                  109599
98.8                                  109599
98.85                                  109599
98.9                                  109599
98.95                                  112495
99                                  109599
99.05                                  109599
99.1                                  109599
99.15                                  109599
99.2                                  109599
99.25                                  109599
99.3                                  112495
99.35                                  109599
99.4                                  109599
99.45                                  109599
99.5                                  109599
99.55                                  109599
99.6                                  109599
99.65                                  112495
99.7                                  109599
99.75                                  109599
99.8                                  109599
99.85                                  109599
99.9                                  109599
99.95                                  109599
