0.1                                    1000
0.15                                      40
0.2                                 43.1487
0.25                                 44.4574
0.3                                 43.6553
0.35                                 51.3728
0.4                                 72.5287
0.45                                 100.394
0.5                                 119.939
0.55                                 124.259
0.6                                  124.55
0.65                                 124.563
0.7                                 124.566
0.75                                 124.625
0.8                                 124.494
0.85                                 124.566
0.9                                 87.1331
0.95                                 54.8527
1                                 51.5766
1.05                                  50.559
1.1                                 52.1124
1.15                                 53.9468
1.2                                 55.3997
1.25                                 57.4394
1.3                                 66.4305
1.35                                 60.7437
1.4                                  59.536
1.45                                 59.3928
1.5                                 59.4542
1.55                                 59.3965
1.6                                 61.8335
1.65                                 64.7833
1.7                                 59.3675
1.75                                 59.2698
1.8                                 59.0311
1.85                                 59.0021
1.9                                 59.2476
1.95                                 65.6438
2                                 60.3698
2.05                                 58.9429
2.1                                  58.749
2.15                                  58.785
2.2                                  58.847
2.25                                 60.9571
2.3                                 64.8876
2.35                                 59.1547
2.4                                 58.6452
2.45                                 58.7389
2.5                                 58.7367
2.55                                 58.6642
2.6                                 65.0033
2.65                                 60.6633
2.7                                 58.7517
2.75                                 58.6503
2.8                                 58.6397
2.85                                 58.5478
2.9                                 60.1044
2.95                                 65.6423
3                                 59.0993
3.05                                  58.497
3.1                                 58.5391
3.15                                 58.5464
3.2                                 58.4635
3.25                                 63.9858
3.3                                  61.044
3.35                                 58.9838
3.4                                 58.9032
3.45                                 58.8341
3.5                                 58.8499
3.55                                 59.9972
3.6                                 66.0158
3.65                                 59.4636
3.7                                 58.8681
3.75                                  58.852
3.8                                 58.7848
3.85                                 58.8469
3.9                                 63.6183
3.95                                 61.8102
4                                 59.0302
4.05                                 58.6276
4.1                                 58.7378
4.15                                 58.7366
4.2                                  59.155
4.25                                 66.3679
4.3                                 59.4029
4.35                                 58.6754
4.4                                 58.5499
4.45                                 58.5813
4.5                                 58.6256
4.55                                  62.573
4.6                                 62.1565
4.65                                 58.7607
4.7                                 58.4017
4.75                                 58.6147
4.8                                 58.5463
4.85                                 58.8228
4.9                                 66.3099
4.95                                 59.7994
5                                 58.8884
5.05                                 58.8975
5.1                                 58.8338
5.15                                 58.8499
5.2                                  62.184
5.25                                 63.4203
5.3                                  59.032
5.35                                 58.8419
5.4                                 58.8504
5.45                                 58.7539
5.5                                 58.9501
5.55                                  66.074
5.6                                  59.906
5.65                                 58.9148
5.7                                 58.6206
5.75                                 58.6999
5.8                                 58.8418
5.85                                 61.5892
5.9                                 63.7425
5.95                                 58.8996
6                                 58.5942
6.05                                 58.6264
6.1                                 58.5811
6.15                                 58.6256
6.2                                 65.6336
6.25                                 60.1483
6.3                                 58.7205
6.35                                 58.3927
6.4                                 58.6142
6.45                                 58.5462
6.5                                   60.59
6.55                                  64.734
6.6                                 59.1915
6.65                                 58.8516
6.7                                  58.991
6.75                                 58.8165
6.8                                 58.8289
6.85                                 65.2028
6.9                                  60.664
6.95                                  58.865
7                                 58.8078
7.05                                 58.8283
7.1                                 58.7539
7.15                                 60.6144
7.2                                 65.3009
7.25                                  59.206
7.3                                 58.8525
7.35                                 58.7063
7.4                                 58.5747
7.45                                 58.8342
7.5                                 64.4896
7.55                                 60.9271
7.6                                 58.8067
7.65                                 58.5808
7.7                                 58.6256
7.75                                 58.5811
7.8                                 59.6621
7.85                                 65.6112
7.9                                 59.1783
7.95                                 58.6618
8                                 58.3891
8.05                                 58.5588
8.1                                 58.6243
8.15                                 63.3844
8.2                                 61.4206
8.25                                 58.9637
8.3                                 58.8146
8.35                                 58.9888
8.4                                 58.8164
8.45                                 59.7815
8.5                                 66.3258
8.55                                 59.6302
8.6                                 58.7688
8.65                                 58.8031
8.7                                 58.8281
8.75                                 58.7539
8.8                                 62.9338
8.85                                 62.2356
8.9                                  58.873
8.95                                 58.8236
9                                 58.7045
9.05                                 58.5746
9.1                                 59.3494
9.15                                 66.4512
9.2                                 59.5134
9.25                                 58.7211
9.3                                 58.5756
9.35                                 58.5717
9.4                                 58.6641
9.45                                 62.3072
9.5                                 62.5265
9.55                                  58.806
9.6                                 58.5877
9.65                                  58.456
9.7                                 58.5595
9.75                                 58.8587
9.8                                 65.9741
9.85                                 60.0819
9.9                                 58.8565
9.95                                 58.8084
10                                 58.9884
10.05                                 58.8164
10.1                                 61.6713
10.15                                 64.0528
10.2                                 59.1407
10.25                                 61.0296
10.3                                 56.6945
10.35                                 53.3599
10.4                                 50.8224
10.45                                 47.2553
10.5                                 42.8116
10.55                                 42.9958
10.6                                  51.217
10.65                                 54.1347
10.7                                 48.9121
10.75                                  48.386
10.8                                 48.5403
10.85                                 48.5646
10.9                                 48.4417
10.95                                 52.5758
11                                 53.5979
11.05                                 48.7465
11.1                                 48.4899
11.15                                 48.6201
11.2                                 48.3866
11.25                                 48.4715
11.3                                 53.0477
11.35                                 52.2363
11.4                                 48.7707
11.45                                 48.5557
11.5                                 48.3875
11.55                                 48.5376
11.6                                 48.5416
11.65                                 53.8262
11.7                                 51.4124
11.75                                 48.7452
11.8                                 48.4755
11.85                                 48.3978
11.9                                 48.5945
11.95                                  48.405
12                                 54.1818
12.05                                 51.1555
12.1                                 48.5601
12.15                                 48.4818
12.2                                 48.6457
12.25                                  48.362
12.3                                 48.4729
12.35                                 55.1835
12.4                                 50.3655
12.45                                 48.6602
12.5                                 48.5719
12.55                                 48.3625
12.6                                 48.5389
12.65                                 48.6895
12.7                                 55.9522
12.75                                 50.0076
12.8                                 48.6708
12.85                                 48.4482
12.9                                 48.4719
12.95                                  48.619
13                                 48.9253
13.05                                 56.2769
13.1                                 49.9621
13.15                                 48.4678
13.2                                 48.5425
13.25                                 48.5419
13.3                                 48.3865
13.35                                 49.1753
13.4                                 56.6027
13.45                                 49.5024
13.5                                   48.46
13.55                                 48.5409
13.6                                 48.4631
13.65                                 48.3971
13.7                                   49.85
13.75                                 56.3269
13.8                                 49.3063
13.85                                 48.6495
13.9                                  48.417
13.95                                 48.4731
14                                 48.6452
14.05                                 50.3168
14.1                                 56.1585
14.15                                 49.3416
14.2                                 48.4041
14.25                                 48.5414
14.3                                 48.5647
14.35                                  48.362
14.4                                 50.7117
14.45                                 55.6055
14.5                                 48.9721
14.55                                 48.5036
14.6                                 48.5668
14.65                                 48.4419
14.7                                 48.4715
14.75                                 51.4216
14.8                                 54.4823
14.85                                   48.84
14.9                                 48.6413
14.95                                 48.3879
15                                 48.4539
15.05                                 48.5365
15.1                                 51.6823
15.15                                  54.032
15.2                                 48.8916
15.25                                 48.4943
15.3                                  48.399
15.35                                 48.5367
15.4                                 48.4728
15.45                                 52.4237
15.5                                 53.0724
15.55                                 48.6848
15.6                                 48.4164
15.65                                 48.5956
15.7                                 48.4137
15.75                                  48.473
15.8                                 53.3683
15.85                                 51.7413
15.9                                 48.7068
15.95                                 48.6593
16                                 48.3628
16.05                                 48.5389
16.1                                 48.5645
16.15                                 53.6816
16.2                                 51.4995
16.25                                 48.7438
16.3                                 48.4526
16.35                                 48.3764
16.4                                  48.558
16.45                                 48.4413
16.5                                 54.5543
16.55                                 50.8721
16.6                                  48.523
16.65                                 48.3852
16.7                                 48.6137
16.75                                 48.3975
16.8                                 48.4545
16.85                                 55.6232
16.9                                 50.3663
16.95                                 48.5737
17                                 48.5438
17.05                                 48.4732
17.1                                 48.3977
17.15                                 48.6616
17.2                                 56.1619
17.25                                 49.9119
17.3                                 48.6862
17.35                                 48.4192
17.4                                  48.398
17.45                                 48.5945
17.5                                 48.8688
17.55                                  56.513
17.6                                 49.8005
17.65                                 48.4319
17.7                                 48.4778
17.75                                 48.6455
17.8                                  48.362
17.85                                 49.2466
17.9                                 56.5131
17.95                                 49.3915
18                                 48.4918
18.05                                 48.5617
18.1                                 48.4415
18.15                                 48.3758
18.2                                 49.6479
18.25                                 56.2596
18.3                                 49.1633
18.35                                 48.6609
18.4                                 48.4003
18.45                                 48.3767
18.5                                 48.6132
18.55                                 50.1868
18.6                                 55.7194
18.65                                 49.1394
18.7                                 48.4392
18.75                                  48.457
18.8                                 48.5367
18.85                                 48.4728
18.9                                 50.8301
18.95                                 55.5184
19                                 49.0002
19.05                                 48.4296
19.1                                 48.5964
19.15                                 48.4138
19.2                                 48.3977
19.25                                 51.3479
19.3                                 54.5124
19.35                                 48.7558
19.4                                 48.6623
19.45                                  48.363
19.5                                  48.348
19.55                                 48.6376
19.6                                 52.0857
19.65                                 53.4477
19.7                                 48.8705
19.75                                 48.3979
19.8                                 48.4316
19.85                                  48.558
19.9                                 48.4542
19.95                                 52.8809
20                                 53.0661
20.05                                 48.7272
20.1                                 48.3931
20.15                                 48.6142
20.2                                 48.3975
20.25                                 48.3765
20.3                                  53.442
20.35                                  51.821
20.4                                 48.6618
20.45                                 48.5491
20.5                                 48.3983
20.55                                 48.4545
20.6                                  48.623
20.65                                 51.7739
20.7                                 49.6081
20.75                                 46.6685
20.8                                 45.6837
20.85                                 43.6158
20.9                                 42.5687
20.95                                 42.5521
21                                 45.4158
21.05                                 53.2603
21.1                                 49.8189
21.15                                  47.365
21.2                                  47.035
21.25                                 47.0024
21.3                                 47.1944
21.35                                 47.0247
21.4                                 53.5198
21.45                                 52.1656
21.5                                 48.9802
21.55                                 48.6789
21.6                                 48.7201
21.65                                  48.774
21.7                                 48.5814
21.75                                 54.2412
21.8                                 51.7986
21.85                                 48.7975
21.9                                 48.7674
21.95                                  48.803
22                                 48.6144
22.05                                 48.7563
22.1                                 55.0834
22.15                                 50.9668
22.2                                 48.9071
22.25                                 48.8107
22.3                                  48.663
22.35                                 48.7675
22.4                                 48.8259
22.45                                 55.9444
22.5                                 50.7843
22.55                                  48.948
22.6                                  48.712
22.65                                  48.797
22.7                                 48.8477
22.75                                 48.7416
22.8                                 56.4819
22.85                                 50.3903
22.9                                   48.71
22.95                                 48.8277
23                                  48.742
23.05                                 48.6166
23.1                                 49.0564
23.15                                  56.919
23.2                                 49.8425
23.25                                 48.7906
23.3                                 48.7466
23.35                                 48.7024
23.4                                 48.7215
23.45                                 49.6567
23.5                                 56.7185
23.55                                 49.7375
23.6                                 48.8357
23.65                                  48.618
23.7                                 48.7345
23.75                                  48.801
23.8                                 49.8549
23.85                                 56.7168
23.9                                 49.5799
23.95                                 48.7096
24                                 48.7704
24.05                                 48.8012
24.1                                 48.6625
24.15                                 50.5712
24.2                                 56.1849
24.25                                 49.2989
24.3                                 48.8086
24.35                                 48.8284
24.4                                 48.7048
24.45                                 48.7966
24.5                                 51.3272
24.55                                 55.2016
24.6                                 49.3175
24.65                                 48.8792
24.7                                 48.6185
24.75                                 48.8221
24.8                                 48.7417
24.85                                 51.5896
24.9                                 54.9286
24.95                                 49.1387
25                                 48.7261
25.05                                  48.723
25.1                                  48.742
25.15                                 48.7021
25.2                                 52.5038
25.25                                 53.7917
25.3                                 48.9182
25.35                                 48.7174
25.4                                 48.7739
25.45                                 48.6143
25.5                                 48.7343
25.55                                 53.3076
25.6                                 53.0886
25.65                                 49.0053
25.7                                 48.8174
25.75                                 48.6634
25.8                                 48.7676
25.85                                  48.801
25.9                                 53.7221
25.95                                 52.1886
26                                 49.0331
26.05                                 48.7172
26.1                                 48.7684
26.15                                 48.8259
26.2                                 48.7046
26.25                                 54.6608
26.3                                 51.4664
26.35                                 48.8181
26.4                                 48.8105
26.45                                 48.8485
26.5                                 48.6596
26.55                                 48.8246
26.6                                 55.4284
26.65                                 50.9483
26.7                                 48.9344
26.75                                 48.7485
26.8                                 48.7025
26.85                                 48.6964
26.9                                 48.8651
26.95                                  55.876
27                                  50.468
27.05                                 48.8799
27.1                                 48.6207
27.15                                 48.6968
27.2                                 48.7726
27.25                                 49.0693
27.3                                 56.7024
27.35                                 50.1588
27.4                                 48.7082
27.45                                   48.74
27.5                                 48.8014
27.55                                 48.6625
27.6                                 49.5114
27.65                                 56.8642
27.7                                 49.8484
27.75                                 48.8393
27.8                                 48.8302
27.85                                  48.754
27.9                                 48.7709
27.95                                 49.7787
28                                 56.7432
28.05                                 49.7002
28.1                                 48.9024
28.15                                 48.6628
28.2                                 48.7669
28.25                                 48.8459
28.3                                 50.2365
28.35                                 56.4963
28.4                                 49.4338
28.45                                 48.7074
28.5                                 48.7987
28.55                                 48.7403
28.6                                  48.702
28.65                                 50.9663
28.7                                 56.2088
28.75                                 49.3078
28.8                                  48.733
28.85                                 48.7748
28.9                                 48.6144
28.95                                 48.6964
29                                 51.3347
29.05                                 55.2185
29.1                                 49.1913
29.15                                 48.8287
29.2                                 48.6161
29.25                                 48.7344
29.3                                  48.801
29.35                                 52.0435
29.4                                 54.3952
29.45                                 49.2004
29.5                                 48.7427
29.55                                 48.7724
29.6                                 48.8262
29.65                                 48.7537
29.7                                  52.424
29.75                                 53.8572
29.8                                 49.0584
29.85                                 48.7851
29.9                                  48.847
29.95                                 48.6595
30                                 48.7667
30.05                                 53.3121
30.1                                 52.5131
30.15                                 49.0292
30.2                                 48.7542
30.25                                 48.6604
30.3                                 48.7959
30.35                                 48.7401
30.4                                  54.041
30.45                                 51.6483
30.5                                 48.9444
30.55                                 48.7144
30.6                                 48.6971
30.65                                 48.7726
30.7                                 48.6142
30.75                                 54.5139
30.8                                 51.3469
30.85                                 48.8342
30.9                                 48.7476
30.95                                 48.8018
31                                 48.6784
31.05                                 53.1626
31.1                                 49.6831
31.15                                 48.0074
31.2                                 46.7088
31.25                                 45.7302
31.3                                  42.852
31.35                                 42.5838
31.4                                 42.4804
31.45                                 42.4812
31.5                                 43.5034
31.55                                 50.0619
31.6                                 53.9634
31.65                                 47.4999
31.7                                 46.9873
31.75                                 46.9992
31.8                                 46.9999
31.85                                      47
31.9                                 49.9893
31.95                                 55.9513
32                                   49.32
32.05                                 48.7143
32.1                                 48.6137
32.15                                  48.727
32.2                                 48.7141
32.25                                 51.2003
32.3                                 55.6415
32.35                                 49.2326
32.4                                 48.6912
32.45                                 48.7629
32.5                                 48.7499
32.55                                 48.5773
32.6                                 51.6502
32.65                                 54.7932
32.7                                 48.9818
32.75                                 48.8153
32.8                                 48.7413
32.85                                 48.5832
32.9                                 48.7351
32.95                                 52.4065
33                                 53.5938
33.05                                 48.9521
33.1                                 48.7578
33.15                                 48.6363
33.2                                 48.6433
33.25                                 48.7694
33.3                                 53.1809
33.35                                 53.1106
33.4                                 49.0399
33.45                                  48.572
33.5                                 48.6888
33.55                                 48.6733
33.6                                 48.5556
33.65                                 53.7349
33.7                                 52.0935
33.75                                 48.8183
33.8                                 48.7394
33.85                                 48.6741
33.9                                 48.6112
33.95                                 48.7268
34                                 54.6385
34.05                                 51.3043
34.1                                 48.9098
34.15                                 48.7251
34.2                                 48.6605
34.25                                  48.761
34.3                                 48.8455
34.35                                 55.3867
34.4                                 51.0135
34.45                                 48.9819
34.5                                 48.5914
34.55                                 48.7356
34.6                                 48.7365
34.65                                 48.5829
34.7                                 55.8877
34.75                                 50.5068
34.8                                 48.7422
34.85                                 48.6497
34.9                                 48.7369
34.95                                  48.635
35                                 48.8932
35.05                                 56.6546
35.1                                 49.9099
35.15                                 48.7369
35.2                                 48.7751
35.25                                  48.556
35.3                                 48.6878
35.35                                 49.4584
35.4                                 56.8277
35.45                                 49.8716
35.5                                 48.7449
35.55                                 48.6155
35.6                                 48.7271
35.65                                 48.6732
35.7                                 49.5895
35.75                                 56.7763
35.8                                 49.7277
35.85                                 48.7212
35.9                                 48.6578
35.95                                 48.8193
36                                 48.6662
36.05                                 50.2011
36.1                                 56.4905
36.15                                 49.2678
36.2                                 48.7446
36.25                                 48.8445
36.3                                  48.583
36.35                                 48.7351
36.4                                 50.8862
36.45                                 55.9669
36.5                                 49.3309
36.55                                 48.7725
36.6                                 48.6372
36.65                                 48.6433
36.7                                 48.7364
36.75                                 51.1878
36.8                                 55.2149
36.85                                 49.2244
36.9                                 48.5832
36.95                                 48.6451
37                                 48.7695
37.05                                 48.5556
37.1                                 52.0485
37.15                                 54.4078
37.2                                 48.9624
37.25                                 48.7124
37.3                                 48.7997
37.35                                 48.6188
37.4                                  48.654
37.45                                 52.4347
37.5                                 53.6468
37.55                                 48.9585
37.6                                 48.8375
37.65                                 48.6673
37.7                                 48.6541
37.75                                  48.819
37.8                                 53.2218
37.85                                   52.54
37.9                                 49.0744
37.95                                  48.597
38                                 48.6982
38.05                                 48.8417
38.1                                 48.5829
38.15                                 54.0605
38.2                                 51.6633
38.25                                 48.7854
38.3                                 48.7474
38.35                                 48.7372
38.4                                 48.6351
38.45                                 48.6432
38.5                                 54.4836
38.55                                 51.2595
38.6                                 48.8021
38.65                                  48.779
38.7                                 48.5562
38.75                                 48.6432
38.8                                 48.7694
38.85                                 55.3127
38.9                                  50.611
38.95                                 48.9147
39                                 48.5723
39.05                                 48.6051
39.1                                 48.7932
39.15                                 48.8528
39.2                                 56.1459
39.25                                 50.5475
39.3                                 48.7247
39.35                                 48.6604
39.4                                 48.8194
39.45                                 48.6662
39.5                                 48.9841
39.55                                 56.5993
39.6                                 50.0238
39.65                                 48.7795
39.7                                 48.8466
39.75                                 48.5832
39.8                                 48.6973
39.85                                 49.5631
39.9                                  56.787
39.95                                 49.7743
40                                 48.7994
40.05                                 48.5872
40.1                                 48.7353
40.15                                 48.7365
40.2                                 49.9077
40.25                                 56.5661
40.3                                 49.6458
40.35                                    48.7
40.4                                 48.5514
40.45                                 48.7638
40.5                                 48.5639
40.55                                 50.1617
40.6                                 56.4293
40.65                                 49.2567
40.7                                 48.6465
40.75                                 48.7957
40.8                                 48.5641
40.85                                 48.6046
40.9                                 50.9231
40.95                                 55.6619
41                                 49.1846
41.05                                 48.8299
41.1                                 48.6207
41.15                                 48.6541
41.2                                  48.819
41.25                                  51.576
41.3                                 55.1847
41.35                                 49.2828
41.4                                 48.6942
41.45                                 48.6989
41.5                                 48.8417
41.55                                 48.5801
41.6                                  51.866
41.65                                 49.6631
41.7                                  47.243
41.75                                 45.7468
41.8                                 43.5262
41.85                                 42.5222
41.9                                 44.8554
41.95                                 52.6098
42                                   50.55
42.05                                 47.0848
42.1                                 46.7576
42.15                                 46.8857
42.2                                 46.7542
42.25                                 46.7441
42.3                                 52.6913
42.35                                 53.1925
42.4                                 49.0449
42.45                                 48.6767
42.5                                 48.7388
42.55                                 48.7752
42.6                                 48.6603
42.65                                 53.8175
42.7                                 52.2236
42.75                                 48.8971
42.8                                 48.7848
42.85                                 48.8041
42.9                                 48.7028
42.95                                 48.7991
43                                 54.1633
43.05                                 51.7176
43.1                                 48.9817
43.15                                 48.8389
43.2                                 48.6673
43.25                                 48.7941
43.3                                 48.8275
43.35                                 55.0137
43.4                                 51.1361
43.45                                 48.9893
43.5                                 48.6764
43.55                                 48.8204
43.6                                 48.8491
43.65                                 48.7083
43.7                                  55.995
43.75                                 50.5133
43.8                                 48.8308
43.85                                 48.8497
43.9                                 48.7434
43.95                                 48.7547
44                                 48.9876
44.05                                  56.369
44.1                                 50.2951
44.15                                 48.8309
44.2                                 48.7807
44.25                                 48.6607
44.3                                 48.7376
44.35                                 49.2439
44.4                                 56.9237
44.45                                 49.9537
44.5                                 48.8749
44.55                                 48.6653
44.6                                 48.7707
44.65                                 48.8032
44.7                                 49.5973
44.75                                 56.8435
44.8                                 49.8363
44.85                                 48.6816
44.9                                 48.7978
44.95                                 48.8277
45                                 48.6667
45.05                                 49.9413
45.1                                 56.7119
45.15                                 49.4495
45.2                                 48.8672
45.25                                 48.8519
45.3                                 48.6668
45.35                                 48.8198
45.4                                 50.5917
45.45                                 56.0924
45.5                                 49.4381
45.55                                  48.779
45.6                                 48.7221
45.65                                 48.8432
45.7                                  48.743
45.75                                 51.3716
45.8                                 55.3352
45.85                                 49.2648
45.9                                 48.7863
45.95                                 48.7395
46                                 48.7752
46.05                                 48.6603
46.1                                 51.7213
46.15                                 54.9003
46.2                                 48.9628
46.25                                 48.7887
46.3                                 48.8043
46.35                                 48.5647
46.4                                 48.7646
46.45                                 52.4444
46.5                                 53.6473
46.55                                 49.0985
46.6                                 48.8239
46.65                                 48.6203
46.7                                 48.7941
46.75                                 48.8275
46.8                                 53.2224
46.85                                 53.1857
46.9                                 49.0935
46.95                                 48.6957
47                                 48.8215
47.05                                 48.8492
47.1                                 48.6796
47.15                                 53.7639
47.2                                 52.1941
47.25                                 48.9222
47.3                                 48.8553
47.35                                 48.7437
47.4                                 48.7197
47.45                                  48.843
47.5                                 54.5277
47.55                                 51.3716
47.6                                 48.8961
47.65                                 48.7539
47.7                                  48.646
47.75                                  48.731
47.8                                 48.7747
47.85                                  55.313
47.9                                  51.024
47.95                                 48.9136
48                                  48.573
48.05                                 48.7651
48.1                                 48.8029
48.15                                 48.6896
48.2                                 55.8983
48.25                                 50.5572
48.3                                 48.7253
48.35                                 48.8005
48.4                                 48.8033
48.45                                 48.6338
48.5                                  49.125
48.55                                 56.6078
48.6                                 50.0243
48.65                                  48.888
48.7                                 48.8332
48.75                                 48.6799
48.8                                 48.8206
48.85                                 49.5706
48.9                                 56.7571
48.95                                 50.0074
49                                  48.921
49.05                                  48.724
49.1                                 48.8433
49.15                                  48.743
49.2                                 49.6846
49.25                                 56.8941
49.3                                 49.6521
49.35                                 48.7004
49.4                                 48.7343
49.45                                 48.7427
49.5                                 48.6453
49.55                                 50.3446
49.6                                 56.4404
49.65                                 49.2574
49.7                                 48.7789
49.75                                 48.7776
49.8                                 48.5648
49.85                                 48.7646
49.9                                 50.9328
49.95                                 56.0429
50                                  49.371
50.05                                 48.8396
50.1                                  48.636
50.15                                 48.7951
50.2                                 48.8029
50.25                                  51.245
50.3                                 55.3256
50.35                                 49.2914
50.4                                 48.7077
50.45                                 48.7969
50.5                                 48.8277
50.55                                 48.6796
50.6                                 52.0791
50.65                                  54.425
50.7                                 48.9496
50.75                                 48.8365
50.8                                 48.8501
50.85                                 48.5947
50.9                                 48.8354
50.95                                 52.7686
51                                 53.6389
51.05                                 49.1409
51.1                                  48.761
51.15                                 48.6464
51.2                                 48.7311
51.25                                 48.7425
51.3                                 53.1444
51.35                                  52.598
51.4                                 49.0089
51.45                                 48.5957
51.5                                 48.7331
51.55                                 48.7748
51.6                                 48.5815
51.65                                 54.0601
51.7                                 51.7534
51.75                                 48.7857
51.8                                  48.778
51.85                                 48.8037
51.9                                 48.6338
51.95                                 48.8009
52                                 50.6713
52.05                                 48.0142
52.1                                 46.7296
52.15                                 45.7305
52.2                                 43.0754
52.25                                 42.5736
52.3                                 46.1957
52.35                                 54.0276
52.4                                 46.9241
52.45                                 45.6869
52.5                                 45.5762
52.55                                 45.6053
52.6                                 45.6532
52.65                                 46.5133
52.7                                 54.7209
52.75                                 50.9213
52.8                                 48.9563
52.85                                 48.8573
52.9                                 48.6801
52.95                                 48.8206
53                                 48.8491
53.05                                 55.9357
53.1                                 50.5735
53.15                                 48.8478
53.2                                 48.7269
53.25                                 48.8434
53.3                                  48.743
53.35                                  48.989
53.4                                 56.6405
53.45                                  50.252
53.5                                 48.8461
53.55                                 48.7432
53.6                                 48.7754
53.65                                 48.5647
53.7                                 49.1861
53.75                                 56.7162
53.8                                 49.7417
53.85                                 48.8359
53.9                                 48.8072
53.95                                 48.5649
54                                 48.7646
54.05                                   49.62
54.1                                 56.6971
54.15                                 49.6941
54.2                                 48.8652
54.25                                 48.6376
54.3                                 48.7952
54.35                                 48.8276
54.4                                 50.1531
54.45                                 56.6103
54.5                                 49.6149
54.55                                 48.7272
54.6                                 48.8235
54.65                                 48.8493
54.7                                 48.6796
54.75                                 50.6099
54.8                                  56.114
54.85                                 49.3224
54.9                                 48.8795
54.95                                 48.7452
55                                 48.7198
55.05                                  48.843
55.1                                 51.1755
55.15                                 55.1867
55.2                                 49.1971
55.25                                 48.7748
55.3                                 48.6472
55.35                                 48.7311
55.4                                 48.7747
55.45                                 51.8209
55.5                                 54.8365
55.55                                 49.1829
55.6                                 48.6062
55.65                                 48.7671
55.7                                  48.803
55.75                                 48.5815
55.8                                 52.3428
55.85                                 53.8123
55.9                                 48.9458
55.95                                 48.8138
56                                 48.8042
56.05                                 48.6339
56.1                                 48.7949
56.15                                 53.2033
56.2                                 52.5922
56.25                                 49.0657
56.3                                  48.844
56.35                                 48.6806
56.4                                 48.8206
56.45                                 48.8491
56.5                                 53.6783
56.55                                 52.2657
56.6                                 49.0577
56.65                                 48.6073
56.7                                 48.8362
56.75                                 48.7426
56.8                                 48.5946
56.85                                 54.6735
56.9                                 51.3742
56.95                                 48.8046
57                                 48.7407
57.05                                 48.7432
57.1                                 48.6646
57.15                                 48.7322
57.2                                 55.5021
57.25                                 50.5498
57.3                                 48.8684
57.35                                  48.783
57.4                                  48.582
57.45                                 48.7657
57.5                                 48.8029
57.55                                 55.8537
57.6                                 50.4996
57.65                                 48.9079
57.7                                 48.6402
57.75                                 48.7953
57.8                                  48.803
57.85                                 48.8682
57.9                                   56.76
57.95                                 50.1517
58                                 48.7598
58.05                                 48.8005
58.1                                 48.8279
58.15                                 48.6796
58.2                                 49.3507
58.25                                 56.9312
58.3                                 49.6304
58.35                                 48.8836
58.4                                 48.8529
58.45                                 48.5949
58.5                                 48.8354
58.55                                 49.7488
58.6                                 56.6741
58.65                                  49.723
58.7                                 48.7963
58.75                                 48.6678
58.8                                 48.7324
58.85                                 48.7426
58.9                                 49.9933
58.95                                 56.3962
59                                  49.452
59.05                                 48.6225
59.1                                  48.735
59.15                                 48.7749
59.2                                 48.5815
59.25                                 50.8455
59.3                                 55.6734
59.35                                  49.171
59.4                                 48.8013
59.45                                 48.8051
59.5                                 48.6339
59.55                                 48.7949
59.6                                 51.1384
59.65                                 55.2598
59.7                                 49.2476
59.75                                  48.855
59.8                                 48.6812
59.85                                 48.7852
59.9                                  48.827
59.95                                 52.0439
60                                 54.3465
60.05                                 49.2023
60.1                                  48.638
60.15                                 48.8149
60.2                                 48.8488
60.25                                 48.6166
60.3                                 52.9799
60.35                                   53.21
60.4                                 48.9258
60.45                                 48.8555
60.5                                 48.7437
60.55                                 48.6646
60.6                                 48.7322
60.65                                 53.2946
60.7                                 52.6158
60.75                                 48.9714
60.8                                 48.7893
60.85                                 48.5824
60.9                                 48.7322
60.95                                 48.7748
61                                 54.0995
61.05                                   51.79
61.1                                 48.9861
61.15                                 48.5942
61.2                                 48.7551
61.25                                 48.8023
61.3                                 48.6338
61.35                                 55.1222
61.4                                 51.4487
61.45                                  48.794
61.5                                 48.7948
61.55                                 48.8275
61.6                                 48.7047
61.65                                 48.7868
61.7                                  55.573
61.75                                  50.721
61.8                                 48.9355
61.85                                 48.8561
61.9                                 48.6171
61.95                                 48.8135
62                                 48.8487
62.05                                 56.3264
62.1                                 50.3809
62.15                                 48.8361
62.2                                 48.6231
62.25                                 48.8372
62.3                                 48.7426
62.35                                  53.368
62.4                                 49.7114
62.45                                 48.0134
62.5                                  46.729
62.55                                   45.73
62.6                                 42.7942
62.65                                 42.5514
62.7                                 42.5346
62.75                                 42.9609
62.8                                  50.073
62.85                                 54.5605
62.9                                 47.8328
62.95                                 47.2802
63                                 47.1594
63.05                                 47.2572
63.1                                 47.2453
63.15                                 50.0241
63.2                                 55.8464
63.25                                 49.2176
63.3                                 48.5041
63.35                                 48.3996
63.4                                  48.586
63.45                                 48.4045
63.5                                 50.9095
63.55                                 55.5813
63.6                                 48.9279
63.65                                 48.3791
63.7                                 48.4997
63.75                                 48.3532
63.8                                 48.3473
63.85                                 51.4406
63.9                                 54.4951
63.95                                  48.828
64                                 48.4598
64.05                                 48.3547
64.1                                  48.429
64.15                                 48.4356
64.2                                 52.1245
64.25                                 53.4234
64.3                                  48.785
64.35                                 48.4551
64.4                                 48.3766
64.45                                 48.5062
64.5                                 48.3797
64.55                                 52.4796
64.6                                 53.0061
64.65                                 48.6522
64.7                                 48.4699
64.75                                 48.5276
64.8                                 48.3855
64.85                                 48.4537
64.9                                 53.4017
64.95                                 51.8309
65                                  48.601
65.05                                 48.5215
65.1                                  48.462
65.15                                  48.397
65.2                                 48.5689
65.25                                 54.2211
65.3                                 50.9217
65.35                                 48.7471
65.4                                 48.4143
65.45                                  48.348
65.5                                 48.4979
65.55                                  48.353
65.6                                 54.5339
65.65                                 50.7387
65.7                                 48.4887
65.75                                 48.4371
65.8                                 48.4361
65.85                                 48.3531
65.9                                 48.4289
65.95                                  55.516
66                                 50.1937
66.05                                 48.4819
66.1                                 48.5523
66.15                                  48.441
66.2                                 48.3757
66.25                                 48.8362
66.3                                 56.2071
66.35                                 49.9119
66.4                                 48.6949
66.45                                 48.3911
66.5                                 48.4541
66.55                                 48.5074
66.6                                  48.923
66.65                                 56.4084
66.7                                 49.6826
66.75                                 48.5323
66.8                                 48.4013
66.85                                 48.5076
66.9                                 48.4611
66.95                                 49.4032
67                                 56.6268
67.05                                  49.313
67.1                                 48.4024
67.15                                 48.5727
67.2                                 48.4037
67.25                                 48.3473
67.3                                 50.0964
67.35                                 56.0347
67.4                                  49.143
67.45                                  48.546
67.5                                  48.356
67.55                                 48.4291
67.6                                  48.545
67.65                                 50.2725
67.7                                 55.7766
67.75                                 49.1542
67.8                                 48.4774
67.85                                 48.3779
67.9                                 48.5451
67.95                                 48.4405
68                                  50.902
68.05                                 55.1157
68.1                                 48.8483
68.15                                 48.4077
68.2                                 48.5818
68.25                                 48.3843
68.3                                 48.4537
68.35                                 51.7096
68.4                                 54.4799
68.45                                 48.8599
68.5                                  48.532
68.55                                 48.4626
68.6                                  48.397
68.65                                 48.5074
68.7                                 52.0952
68.75                                 53.5279
68.8                                 48.8796
68.85                                 48.4223
68.9                                 48.3485
68.95                                  48.569
69                                 48.4035
69.05                                 52.7451
69.1                                  52.541
69.15                                 48.5979
69.2                                 48.3643
69.25                                 48.6238
69.3                                 48.3607
69.35                                 48.4294
69.4                                 53.8027
69.45                                 51.7399
69.5                                  48.634
69.55                                 48.5322
69.6                                 48.4398
69.65                                 48.3757
69.7                                 48.5198
69.75                                 54.2187
69.8                                 50.9662
69.85                                 48.7367
69.9                                 48.3936
69.95                                 48.3763
70                                 48.5799
70.05                                 48.3841
70.1                                 55.1099
70.15                                 50.4839
70.2                                 48.5209
70.25                                 48.4619
70.3                                 48.5079
70.35                                 48.4611
70.4                                 48.5219
70.45                                  55.594
70.5                                 50.1937
70.55                                 48.5019
70.6                                 48.5753
70.65                                 48.4125
70.7                                 48.3479
70.75                                 48.8033
70.8                                 56.3901
70.85                                 49.6728
70.9                                 48.7031
70.95                                 48.3655
71                                 48.3482
71.05                                 48.5941
71.1                                 49.0071
71.15                                 56.4643
71.2                                 49.5307
71.25                                 48.4288
71.3                                 48.4335
71.35                                 48.5201
71.4                                  48.439
71.45                                 49.4656
71.5                                  56.475
71.55                                 49.3402
71.6                                 48.4302
71.65                                 48.5831
71.7                                 48.3843
71.75                                 48.3756
71.8                                 49.9086
71.85                                 55.9751
71.9                                 49.1427
71.95                                 48.5491
72                                  48.387
72.05                                 48.4538
72.1                                 48.5074
72.15                                 50.5367
72.2                                 55.3793
72.25                                 49.1102
72.3                                 48.5075
72.35                                 48.3998
72.4                                 48.5691
72.45                                 48.4121
72.5                                 51.2263
72.55                                 55.1452
72.6                                 48.8717
72.65                                 48.3757
72.7                                 48.5958
72.75                                  48.359
72.8                                 48.3983
72.85                                 51.7268
72.9                                 49.4471
72.95                                 47.0847
73                                 45.6114
73.05                                 43.6754
73.1                                 42.5683
73.15                                 42.5641
73.2                                 42.4791
73.25                                 46.0212
73.3                                 53.6028
73.35                                 49.4665
73.4                                 47.3193
73.45                                 47.0306
73.5                                 47.0019
73.55                                 47.1701
73.6                                 47.0216
73.65                                 53.9548
73.7                                 51.7699
73.75                                 48.9849
73.8                                 48.5941
73.85                                 48.7551
73.9                                 48.8023
73.95                                 48.6338
74                                 55.1222
74.05                                 51.4487
74.1                                  48.794
74.15                                 48.7948
74.2                                 48.8275
74.25                                 48.6796
74.3                                 48.7851
74.35                                 55.5729
74.4                                 50.7209
74.45                                 48.9355
74.5                                 48.8561
74.55                                 48.6171
74.6                                 48.8135
74.65                                 48.8487
74.7                                 56.3264
74.75                                 50.3661
74.8                                 48.8352
74.85                                  48.623
74.9                                 48.8224
74.95                                 48.7417
75                                 49.0239
75.05                                 56.9471
75.1                                 50.0915
75.15                                 48.7462
75.2                                 48.7242
75.25                                 48.7743
75.3                                 48.5814
75.35                                 49.2993
75.4                                 56.9291
75.45                                 49.6122
75.5                                 48.8168
75.55                                  48.806
75.6                                 48.5817
75.65                                 48.7544
75.7                                 49.8538
75.75                                 56.6229
75.8                                 49.5643
75.85                                 48.8562
75.9                                  48.637
75.95                                 48.7852
76                                  48.827
76.05                                 50.5921
76.1                                 56.5214
76.15                                 49.5086
76.2                                  48.746
76.25                                 48.7991
76.3                                 48.8478
76.35                                 48.6166
76.4                                 50.9998
76.45                                 55.7868
76.5                                 49.1366
76.55                                 48.8535
76.6                                 48.7436
76.65                                 48.6167
76.7                                  48.822
76.75                                 51.6613
76.8                                 54.8014
76.85                                 49.1181
76.9                                 48.7693
76.95                                 48.6662
77                                 48.7194
77.05                                  48.774
77.1                                 52.3889
77.15                                 54.3125
77.2                                 49.1214
77.25                                 48.6025
77.3                                 48.7556
77.35                                 48.8023
77.4                                 48.5814
77.45                                 52.9609
77.5                                 53.1939
77.55                                 48.9285
77.6                                 48.8029
77.65                                 48.8035
77.7                                 48.6626
77.75                                 48.7675
77.8                                 53.7692
77.85                                 52.1304
77.9                                 49.0046
77.95                                 48.8403
78                                 48.7055
78.05                                 48.7966
78.1                                 48.8477
78.15                                 54.4904
78.2                                   51.79
78.25                                 49.0289
78.3                                 48.6275
78.35                                 48.8227
78.4                                 48.7417
78.45                                 48.6166
78.5                                 55.0782
78.55                                 51.0331
78.6                                 48.8033
78.65                                 48.7277
78.7                                 48.7423
78.75                                 48.6645
78.8                                 48.8443
78.85                                 55.8747
78.9                                 50.3666
78.95                                 48.8428
79                                 48.7815
79.05                                 48.6148
79.1                                 48.7564
79.15                                 49.1324
79.2                                 56.2666
79.25                                 50.2845
79.3                                 48.8949
79.35                                 48.6681
79.4                                 48.7679
79.45                                  48.801
79.5                                 49.3106
79.55                                 56.8646
79.6                                 50.0139
79.65                                 48.7766
79.7                                 48.7725
79.75                                 48.8262
79.8                                 48.7047
79.85                                 49.8225
79.9                                 56.8804
79.95                                 49.5246
80                                 48.8594
80.05                                 48.8515
80.1                                 48.6168
80.15                                  48.822
80.2                                 50.2992
80.25                                 56.5253
80.3                                 49.6127
80.35                                 48.7896
80.4                                 48.6674
80.45                                 48.7194
80.5                                 48.7417
80.55                                 50.5821
80.6                                 56.2095
80.65                                 49.3811
80.7                                 48.6511
80.75                                 48.6989
80.8                                 48.7728
80.85                                 48.6142
80.9                                 51.3455
80.95                                 55.3317
81                                 49.1443
81.05                                 48.7664
81.1                                  48.803
81.15                                 48.6626
81.2                                 48.7675
81.25                                 51.6679
81.3                                 54.8162
81.35                                 49.1674
81.4                                 48.8501
81.45                                 48.7061
81.5                                 48.7676
81.55                                 48.8259
81.6                                 52.4131
81.65                                 53.8458
81.7                                 49.1534
81.75                                 48.6351
81.8                                 48.7979
81.85                                 48.8477
81.9                                 48.6166
81.95                                 53.2883
82                                 52.5954
82.05                                 48.9262
82.1                                 48.8408
82.15                                 48.7428
82.2                                 48.7021
82.25                                 48.6964
82.3                                 53.6152
82.35                                  52.072
82.4                                 48.9004
82.45                                  48.785
82.5                                  48.615
82.55                                 48.6964
82.6                                 48.7726
82.65                                 54.4108
82.7                                 51.3172
82.75                                 48.9574
82.8                                 48.6251
82.85                                  48.735
82.9                                 48.8011
82.95                                 48.6625
83                                  55.331
83.05                                 51.0536
83.1                                 48.7989
83.15                                 48.7758
83.2                                 48.8264
83.25                                 48.7047
83.3                                  51.867
83.35                                 49.6638
83.4                                 47.9926
83.45                                 46.6975
83.5                                 45.7215
83.55                                 42.8696
83.6                                 42.5107
83.65                                 42.5454
83.7                                 43.2268
83.75                                 50.3094
83.8                                 53.9851
83.85                                 47.8151
83.9                                 47.0494
83.95                                  47.003
84                                 47.2092
84.05                                 47.0127
84.1                                 49.6984
84.15                                 56.4852
84.2                                 49.4331
84.25                                 48.7064
84.3                                 48.7347
84.35                                 48.7428
84.4                                 48.6646
84.45                                  50.946
84.5                                 55.7872
84.55                                 49.1102
84.6                                 48.7558
84.65                                 48.7762
84.7                                 48.5816
84.75                                 48.7544
84.8                                 51.6691
84.85                                 55.1695
84.9                                 49.2103
84.95                                 48.8299
85                                 48.6354
85.05                                 48.7852
85.1                                 48.8022
85.15                                 52.0436
85.2                                 54.4145
85.25                                 49.1765
85.3                                 48.7007
85.35                                 48.7865
85.4                                  48.827
85.45                                 48.6795
85.5                                 52.9162
85.55                                 53.2528
85.6                                 48.8613
85.65                                 48.8304
85.7                                 48.8497
85.75                                 48.6167
85.8                                 48.8368
85.85                                 53.6177
85.9                                 52.4551
85.95                                 49.0692
86                                 48.7567
86.05                                 48.6654
86.1                                 48.7193
86.15                                 48.7417
86.2                                 54.0082
86.25                                 51.6715
86.3                                 48.9528
86.35                                 48.5923
86.4                                   48.72
86.45                                  48.774
86.5                                 48.5814
86.55                                 54.9697
86.6                                 51.0548
86.65                                 48.7373
86.7                                 48.7638
86.75                                 48.8028
86.8                                 48.6338
86.85                                 48.7851
86.9                                 55.3405
86.95                                 50.6418
87                                 48.9067
87.05                                 48.8343
87.1                                   48.68
87.15                                 48.7851
87.2                                  48.952
87.25                                 56.1771
87.3                                 50.3473
87.35                                 48.9416
87.4                                 48.6223
87.45                                 48.8138
87.5                                 48.8487
87.55                                 49.1554
87.6                                 56.7768
87.65                                  49.917
87.7                                 48.6979
87.75                                 48.8269
87.8                                  48.742
87.85                                 48.6645
87.9                                 49.7255
87.95                                 56.8271
88                                 49.6928
88.05                                 48.7815
88.1                                 48.7778
88.15                                 48.5817
88.2                                 48.7193
88.25                                 50.0295
88.3                                 56.4947
88.35                                 49.5494
88.4                                 48.8504
88.45                                 48.5848
88.5                                 48.7545
88.55                                 48.8023
88.6                                 50.5886
88.65                                 56.1349
88.7                                 49.4986
88.75                                 48.7047
88.8                                 48.7893
88.85                                 48.8272
88.9                                 48.7047
88.95                                 50.9597
89                                  55.868
89.05                                  49.237
89.1                                 48.8288
89.15                                 48.8496
89.2                                 48.6167
89.25                                 48.7966
89.3                                 51.6503
89.35                                  54.679
89.4                                 49.2262
89.45                                 48.7662
89.5                                 48.6183
89.55                                 48.8221
89.6                                 48.7417
89.65                                 52.3274
89.7                                 53.8618
89.75                                 49.0976
89.8                                  48.686
89.85                                 48.7206
89.9                                 48.7741
89.95                                 48.5814
90                                 52.7741
90.05                                 53.2635
90.1                                 48.8533
90.15                                 48.7708
90.2                                 48.8032
90.25                                 48.6144
90.3                                 48.7563
90.35                                 53.5254
90.4                                 52.0204
90.45                                 48.9901
90.5                                 48.8164
90.55                                 48.6634
90.6                                 48.7676
90.65                                 48.8259
90.7                                 54.4463
90.75                                 51.7255
90.8                                  49.005
90.85                                 48.7155
90.9                                 48.7972
90.95                                 48.8477
91                                 48.6166
91.05                                 54.9752
91.1                                 51.1066
91.15                                 48.7534
91.2                                 48.8303
91.25                                 48.7422
91.3                                 48.6166
91.35                                  48.822
91.4                                 55.9409
91.45                                 50.4316
91.5                                 48.8263
91.55                                 48.7491
91.6                                 48.6649
91.65                                 48.7193
91.7                                 49.0084
91.75                                 56.5573
91.8                                 50.2333
91.85                                 48.8657
91.9                                 48.6199
91.95                                 48.7567
92                                 48.8024
92.05                                 49.0694
92.1                                 56.7743
92.15                                 49.9564
92.2                                 48.7324
92.25                                 48.7717
92.3                                 48.8013
92.35                                 48.6625
92.4                                 49.5847
92.45                                 56.7811
92.5                                 49.5846
92.55                                 48.8284
92.6                                 48.8296
92.65                                 48.7049
92.7                                 48.7966
92.75                                 50.1764
92.8                                 56.2303
92.85                                 49.5857
92.9                                 48.8954
92.95                                 48.6195
93                                 48.8222
93.05                                 48.7417
93.1                                 50.4059
93.15                                 56.0968
93.2                                 49.3451
93.25                                 48.7386
93.3                                 48.7237
93.35                                  48.742
93.4                                 48.7021
93.45                                  51.154
93.5                                 55.3832
93.55                                 49.0758
93.6                                 48.7283
93.65                                 48.7745
93.7                                 48.6143
93.75                                 53.2065
93.8                                 49.6325
93.85                                  47.953
93.9                                 46.6828
93.95                                 45.6946
94                                 42.9206
94.05                                 42.5737
94.1                                 42.6455
94.15                                 49.2351
94.2                                 55.3057
94.25                                 47.9308
94.3                                 47.2921
94.35                                  47.213
94.4                                 47.1729
94.45                                 47.2462
94.5                                 49.2769
94.55                                 56.2701
94.6                                 49.3733
94.65                                 48.5036
94.7                                 48.3795
94.75                                 48.5371
94.8                                 48.3928
94.85                                 49.8801
94.9                                 56.1858
94.95                                 49.0834
95                                  48.496
95.05                                 48.4723
95.1                                  48.393
95.15                                 48.4542
95.2                                 50.6837
95.25                                 55.4458
95.3                                 48.9197
95.35                                 48.5059
95.4                                 48.4902
95.45                                 48.3987
95.5                                 48.5362
95.55                                 51.4668
95.6                                 54.4967
95.65                                 48.9286
95.7                                 48.4508
95.75                                 48.3502
95.8                                 48.5381
95.85                                 48.3702
95.9                                 51.7092
95.95                                 54.1476
96                                 48.7186
96.05                                 48.4511
96.1                                  48.472
96.15                                 48.3703
96.2                                   48.43
96.25                                 52.5321
96.3                                  52.861
96.35                                 48.6434
96.4                                 48.4893
96.45                                 48.4501
96.5                                 48.3763
96.55                                 48.5369
96.6                                 53.3791
96.65                                 52.2189
96.7                                 48.7696
96.75                                  48.429
96.8                                 48.4564
96.85                                 48.4699
96.9                                 48.4149
96.95                                 53.8185
97                                  51.412
97.05                                 48.6662
97.1                                 48.4094
97.15                                 48.3974
97.2                                 48.4836
97.25                                 48.3983
97.3                                 54.6586
97.35                                 50.7181
97.4                                 48.4875
97.45                                 48.4816
97.5                                 48.4237
97.55                                 48.3486
97.6                                  48.538
97.65                                 55.5103
97.7                                 50.3539
97.75                                 48.6595
97.8                                 48.3776
97.85                                 48.4304
97.9                                 48.4708
97.95                                 48.6046
98                                 55.9219
98.05                                 50.0058
98.1                                 48.5419
98.15                                 48.3818
98.2                                 48.4712
98.25                                 48.4742
98.3                                 48.9166
98.35                                 56.4697
98.4                                 49.5888
98.45                                  48.459
98.5                                 48.5419
98.55                                 48.4152
98.6                                 48.4555
98.65                                 49.4029
98.7                                 56.6026
98.75                                 49.4937
98.8                                 48.4595
98.85                                 48.4874
98.9                                 48.3985
98.95                                 48.3966
99                                 49.8123
99.05                                 56.3247
99.1                                 49.2679
99.15                                 48.4713
99.2                                 48.3514
99.25                                 48.4722
99.3                                 48.4231
99.35                                 50.2604
99.4                                 55.8705
99.45                                 48.9785
99.5                                 48.3906
99.55                                 48.5406
99.6                                 48.3704
99.65                                   48.43
99.7                                 50.9595
99.75                                 55.3989
99.8                                 48.9596
99.85                                 48.5028
99.9                                 48.4761
99.95                                 48.3779
