0.140095 14480
0.181396 15928
0.183799 18824
0.186202 21720
0.188606 24616
0.191009 27512
0.222666 30408
0.225069 33304
0.227472 36200
0.229875 39096
0.232278 41992
0.234682 44888
0.237085 47784
0.239488 50680
0.241891 53576
0.263935 56472
0.266339 59368
0.268742 62264
0.271145 65160
0.273548 68056
0.275951 70952
0.278355 73848
0.280758 76744
0.283161 79640
0.285564 82536
0.287967 85432
0.290371 88328
0.292774 91224
0.295177 94120
0.29758 97016
0.299983 99912
0.302387 102808
0.30479 105704
0.307193 108600
0.309596 111496
0.311999 114392
0.314403 117288
0.316806 120184
0.319209 123080
0.321612 125976
0.324015 128872
0.326419 131768
0.328822 134664
0.331225 137560
0.333628 140456
0.336031 143352
0.338435 146248
0.340838 149144
0.343241 152040
0.345644 154936
0.348047 157832
0.350451 160728
0.352854 163624
0.355257 166520
0.35766 169416
0.360063 172312
0.362467 175208
0.36487 178104
0.367273 181000
0.369676 183896
0.372079 186792
0.374483 189688
0.376886 192584
0.379289 195480
0.381692 198376
0.384095 201272
0.386499 204168
0.388902 207064
0.391305 209960
0.393708 212856
0.396111 215752
0.398515 218648
0.400918 221544
0.403321 224440
0.405724 227336
0.408127 230232
0.410531 233128
0.412934 236024
0.415337 238920
0.41774 241816
0.420143 244712
0.422547 247608
0.42495 250504
0.427353 253400
0.429756 256296
0.432159 259192
0.434563 262088
0.436966 264984
0.439369 267880
0.441772 270776
0.444175 273672
0.446579 276568
0.448982 279464
0.451385 282360
0.453788 285256
0.456191 288152
0.458595 291048
0.460998 293944
0.463401 296840
0.465804 299736
0.468207 302632
0.470611 305528
0.473014 308424
0.475417 311320
0.47782 314216
0.480223 317112
0.482627 320008
0.48503 322904
0.487433 325800
0.489836 328696
0.492239 331592
0.494643 334488
0.497046 337384
0.499449 340280
0.501852 343176
0.504255 346072
0.506659 348968
0.509062 351864
0.511465 354760
0.513868 357656
0.516271 360552
0.518675 363448
0.521078 366344
0.523481 369240
0.525884 372136
0.528287 375032
0.530691 377928
0.533094 380824
0.535497 383720
0.5379 386616
0.540303 389512
0.542707 392408
0.547526 389512
0.548728 388064
0.549936 384429
0.551137 383699
0.552339 380074
0.553541 379345
0.554742 375719
0.555944 374990
0.557145 371365
0.558347 370635
0.559549 367010
0.56075 366281
0.561952 362656
0.563153 361926
0.564355 358301
0.565557 356208
0.566758 351864
0.56796 350416
0.569161 346072
0.570363 344624
0.571565 340280
0.572766 338832
0.573968 334488
0.575169 333040
0.576371 328696
0.577573 327248
0.578774 322904
0.579976 321456
0.581177 317112
0.582379 316224
0.583581 311320
0.584782 309872
0.585984 305528
0.587185 304080
0.588387 299736
0.589589 298288
0.59079 293944
0.591992 292496
0.593193 288152
0.594395 286704
0.595597 282360
0.596798 280912
0.598 276568
0.599201 275120
0.600403 271252
0.601605 269328
0.602806 264984
0.604008 263536
0.605209 259192
0.606411 257744
0.607613 253400
0.608814 251952
0.610016 247608
0.611217 246160
0.612419 241816
0.613621 240368
0.614822 236024
0.616024 234576
0.617225 230232
0.618427 229175
0.619629 224440
0.62083 222992
0.622032 218648
0.623233 217200
0.624435 212856
0.625637 211408
0.626838 207064
0.62804 205616
0.629241 201272
0.630443 199824
0.631645 196204
0.632846 195480
0.634048 192584
0.636451 189688
0.638854 186792
0.641257 183896
0.643661 181000
0.646064 178104
0.648467 175208
0.65087 172312
0.653273 169416
0.655677 166520
0.65808 163624
0.660483 160728
0.662886 157832
0.665289 154936
0.667693 152040
0.670096 149144
0.672499 146248
0.674902 143352
0.677305 140456
0.679709 137560
0.682112 134664
0.684515 131768
0.686918 128872
0.689321 125976
0.691725 123080
0.694128 120184
0.696531 117288
0.698934 114392
0.701337 111496
0.703741 108600
0.706144 105704
0.708547 102808
0.709749 196204
1.03056 197652
1.19638 195480
1.19759 194032
1.19879 193285
1.19999 192553
1.20119 191821
1.20239 191089
1.20359 190357
1.20479 189626
1.206 188894
1.2072 188162
1.2084 187430
1.2096 186698
1.2108 185966
1.212 185234
1.21321 184502
1.21441 183771
1.21561 183039
1.21681 182307
1.21801 181575
1.21921 180843
1.22042 180111
1.22162 179379
1.22282 178647
1.22402 177916
1.22522 177184
1.22642 176452
1.22763 175720
1.22883 174988
1.23003 174256
1.23123 173524
1.23243 170864
1.23363 169416
1.23483 167968
1.23604 166520
1.23724 165072
1.23844 163624
1.23964 162176
1.24084 160728
1.24204 159280
1.24325 157832
1.24445 156384
1.24565 154936
1.24685 153488
1.24805 152040
1.24925 150592
1.25046 149144
1.25166 147696
1.25286 146248
1.25406 144800
1.25526 143352
1.25646 141904
1.25767 140456
1.25887 139008
1.26007 137560
1.26127 136112
1.26247 134664
1.26367 133216
1.26487 131768
1.26608 130806
1.26728 130075
1.26848 127424
1.26968 125976
1.27088 124528
1.27208 123080
1.27329 121632
1.27449 120184
1.27569 118736
1.27689 117288
1.27809 115840
1.27929 114392
1.2805 112944
1.2817 111496
1.2829 110048
1.2841 108600
1.2853 107152
1.2865 105704
1.28771 104256
1.28891 102808
1.29011 101360
1.29131 99912
1.29251 98826
1.29371 98464
1.35859 98826
1.35859 100274
1.35859 103170
1.4427 104618
1.52922 106066
1.61574 107514
1.70465 108962
1.79598 110410
1.8873 111858
1.97862 113306
2.07234 114754
2.16847 116202
2.2646 117650
2.36073 119098
2.45926 120546
2.56019 121994
2.66113 123442
2.76206 124890
2.8654 126338
2.97114 127786
3.07688 129234
3.18262 130682
3.29077 132130
3.40131 133578
3.51186 135026
3.62241 136474
3.73536 137922
3.85071 139370
3.96606 140818
4.08142 142266
4.19918 143714
4.31934 145162
4.4395 146610
4.55966 148058
4.68222 149506
4.80718 150954
4.93215 152402
5.05712 153850
5.18449 155298
5.31426 156746
5.44403 158194
5.57381 159642
5.70598 161090
5.84056 162538
5.97514 163986
6.10972 165434
6.2467 166882
6.38609 168330
6.52547 169778
6.66486 171226
6.80665 172674
6.95084 174122
7.09503 175570
7.23922 177018
7.38582 178466
7.53482 179914
7.68382 181362
7.83281 182810
7.98422 184258
8.13802 185706
8.29182 187154
8.44563 188602
8.60184 190050
8.76045 191498
8.91906 192946
9.07767 194394
9.23869 195842
9.4021 197290
9.56793 195480
9.56913 194032
9.57033 193281
9.57154 192548
9.57274 191815
9.57394 191081
9.57514 190348
9.57634 189615
9.57754 188882
9.57875 188149
9.57995 187416
9.58115 186682
9.58235 185949
9.58355 185216
9.58475 184483
9.58595 183750
9.58716 183016
9.58836 182283
9.58956 181550
9.59076 180817
9.59196 180084
9.59316 179351
9.59437 178617
9.59557 177884
9.59677 177151
9.59797 176418
9.59917 175685
9.60037 174951
9.60158 174218
9.60278 173485
9.60398 170864
9.60518 169416
9.60638 167968
9.60758 166520
9.60879 165072
9.60999 163624
9.61119 162176
9.61239 160728
9.61359 159280
9.61479 157832
9.61599 156384
9.6172 154936
9.6184 153488
9.6196 152040
9.6208 150592
9.622 149144
9.6232 147696
9.62441 146248
9.62561 144800
9.62681 143352
9.62801 141904
9.62921 140456
9.63041 139008
9.63162 137560
9.63282 136112
9.63402 134664
9.63522 133216
9.63642 131768
9.63762 130729
9.63883 129996
9.64003 127424
9.64123 125976
9.64243 124528
9.64363 123080
9.64483 121632
9.64603 120184
9.64724 118736
9.64844 117288
9.64964 115840
9.65084 114392
9.65204 112944
9.65324 111496
9.65445 110048
9.65565 108600
9.65685 107152
9.65805 105704
9.65925 104256
9.66045 102808
9.66166 101360
9.66286 99912
9.66406 98645
9.66526 98464
9.73014 98645
9.73014 100093
9.73014 102989
9.81425 104437
9.90077 105885
9.98728 107333
10.0762 108781
10.1675 110229
10.2588 111677
10.3502 113125
10.4439 114573
10.54 116021
10.6361 117469
10.7323 118917
10.8308 120365
10.9317 121813
11.0327 123261
11.1336 124709
11.2369 126157
11.3427 127605
11.4484 129053
11.5542 130501
11.6623 131949
11.7729 133397
11.8834 134845
11.994 136293
12.1069 137741
12.2223 139189
12.3376 140637
12.453 142085
12.5707 143533
12.6909 144981
12.811 146429
12.9312 147877
13.0538 149325
13.1787 150773
13.3037 152221
13.4287 153669
13.556 155117
13.6858 156565
13.8156 158013
13.9454 159461
14.0775 160909
14.2121 162357
14.3467 163805
14.4813 165253
14.6182 166701
14.7576 168149
14.897 169597
15.0364 171045
15.1782 172493
15.3224 173941
15.4666 175389
15.6108 176837
15.7574 178285
15.9064 179733
16.0554 181181
16.2044 182629
16.3558 184077
16.5096 185525
16.6634 186973
16.8172 188421
16.9734 189869
17.132 191317
17.2906 192765
17.4492 194213
17.6102 195661
17.7737 197109
17.9395 195480
17.9407 194032
17.9419 193279
17.9431 192545
17.9443 191811
17.9455 191077
17.9467 190344
17.9479 189610
17.9491 188876
17.9503 188142
17.9515 187408
17.9527 186674
17.9539 185941
17.9551 185207
17.9563 184473
17.9575 183739
17.9587 183005
17.9599 182271
17.9611 181538
17.9623 180804
17.9635 180070
17.9647 179336
17.9659 178602
17.9671 177868
17.9683 177134
17.9695 176401
17.9707 175667
17.9719 174933
17.9731 174199
17.9743 173465
17.9755 170864
17.9767 169416
17.9779 167968
17.9791 166520
17.9803 165072
17.9815 163624
17.9827 162176
17.9839 160728
17.9851 159280
17.9863 157832
17.9875 156384
17.9887 154936
17.9899 153488
17.9911 152040
17.9923 150592
17.9935 149144
17.9948 147696
17.996 146248
17.9972 144800
17.9984 143352
17.9996 141904
18.0008 140456
18.002 139008
18.0032 137560
18.0044 136112
18.0056 134664
18.0068 133216
18.008 131768
18.0092 130690
18.0104 129956
18.0116 127424
18.0128 125976
18.014 124528
18.0152 123080
18.0164 121632
18.0176 120184
18.0188 118736
18.02 117288
18.0212 115840
18.0224 114392
18.0236 112944
18.0248 111496
18.026 110048
18.0272 108600
18.0284 107152
18.0296 105704
18.0308 104256
18.032 102808
18.0332 101360
18.0344 99912
18.0356 98554
18.0368 98464
18.1017 98554
18.1017 100002
18.1017 102898
18.1858 104346
18.2723 105794
18.3588 107242
18.4477 108690
18.5391 110138
18.6304 111586
18.7217 113034
18.8154 114482
18.9116 115930
19.0077 117378
19.1038 118826
19.2024 120274
19.3033 121722
19.4042 123170
19.5052 124618
19.6085 126066
19.7142 127514
19.82 128962
19.9257 130410
20.0339 131858
20.1444 133306
20.255 134754
20.3655 136202
20.4785 137650
20.5938 139098
20.7092 140546
20.8245 141994
20.9423 143442
21.0624 144890
21.1826 146338
21.3027 147786
21.4253 149234
21.5503 150682
21.6752 152130
21.8002 153578
21.9276 155026
22.0574 156474
22.1871 157922
22.3169 159370
22.4491 160818
22.5837 162266
22.7182 163714
22.8528 165162
22.9898 166610
23.1292 168058
23.2686 169506
23.408 170954
23.5497 172402
23.6939 173850
23.8381 175298
23.9823 176746
24.1289 178194
24.2779 179642
24.4269 181090
24.5759 182538
24.7273 183986
24.8811 185434
25.0349 186882
25.1887 188330
25.3449 189778
25.5035 191226
25.6622 192674
25.8208 194122
25.9818 195570
26.1452 197018
26.311 195480
26.3122 194032
26.3134 193278
26.3146 192544
26.3158 191810
26.317 191075
26.3182 190341
26.3194 189607
26.3206 188873
26.3218 188139
26.323 187405
26.3242 186670
26.3254 185936
26.3266 185202
26.3278 184468
26.329 183734
26.3303 183000
26.3315 182265
26.3327 181531
26.3339 180797
26.3351 180063
26.3363 179329
26.3375 178595
26.3387 177860
26.3399 177126
26.3411 176392
26.3423 175658
26.3435 174924
26.3447 174190
26.3459 173455
26.3471 170864
26.3483 169416
26.3495 167968
26.3507 166520
26.3519 165072
26.3531 163624
26.3543 162176
26.3555 160728
26.3567 159280
26.3579 157832
26.3591 156384
26.3603 154936
26.3615 153488
26.3627 152040
26.3639 150592
26.3651 149144
26.3663 147696
26.3675 146248
26.3687 144800
26.3699 143352
26.3711 141904
26.3723 140456
26.3735 139008
26.3747 137560
26.3759 136112
26.3771 134664
26.3783 133216
26.3795 131768
26.3807 130671
26.3819 129937
26.3831 127424
26.3843 125976
26.3855 124528
26.3867 123080
26.3879 121632
26.3891 120184
26.3903 118736
26.3915 117288
26.3927 115840
26.3939 114392
26.3951 112944
26.3963 111496
26.3975 110048
26.3987 108600
26.3999 107152
26.4011 105704
26.4023 104256
26.4035 102808
26.4047 101360
26.406 99912
26.4072 98509
26.4084 98464
26.4732 98509
26.4732 99957
26.4732 102853
26.5573 104301
26.6439 105749
26.7304 107197
26.8193 108645
26.9106 110093
27.0019 111541
27.0933 112989
27.187 114437
27.2831 115885
27.3792 117333
27.4754 118781
27.5739 120229
27.6748 121677
27.7758 123125
27.8767 124573
27.98 126021
28.0858 127469
28.1915 128917
28.2973 130365
28.4054 131813
28.516 133261
28.6265 134709
28.737 136157
28.85 137605
28.9654 139053
29.0807 140501
29.1961 141949
29.3138 143397
29.434 144845
29.5541 146293
29.6743 147741
29.7969 149189
29.9218 150637
30.0468 152085
30.1718 153533
30.2991 154981
30.4289 156429
30.5587 157877
30.6884 159325
30.8206 160773
30.9552 162221
31.0898 163669
31.2244 165117
31.3613 166565
31.5007 168013
31.6401 169461
31.7795 170909
31.9213 172357
32.0655 173805
32.2097 175253
32.3539 176701
32.5005 178149
32.6495 179597
32.7985 181045
32.9475 182493
33.0989 183941
33.2527 185389
33.4065 186837
33.5603 188285
33.7165 189733
33.8751 191181
34.0337 192629
34.1923 194077
34.3533 195525
34.5167 196973
34.6826 195480
34.6838 194032
34.685 193277
34.6862 192543
34.6874 191809
34.6886 191074
34.6898 190340
34.691 189606
34.6922 188871
34.6934 188137
34.6946 187403
34.6958 186668
34.697 185934
34.6982 185200
34.6994 184465
34.7006 183731
34.7018 182997
34.703 182262
34.7042 181528
34.7054 180794
34.7066 180059
34.7078 179325
34.709 178591
34.7102 177856
34.7114 177122
34.7126 176388
34.7138 175653
34.715 174919
34.7162 174185
34.7174 173450
34.7186 170864
34.7198 169416
34.721 167968
34.7222 166520
34.7234 165072
34.7246 163624
34.7258 162176
34.727 160728
34.7282 159280
34.7294 157832
34.7306 156384
34.7318 154936
34.733 153488
34.7342 152040
34.7354 150592
34.7366 149144
34.7378 147696
34.739 146248
34.7402 144800
34.7415 143352
34.7427 141904
34.7439 140456
34.7451 139008
34.7463 137560
34.7475 136112
34.7487 134664
34.7499 133216
34.7511 131768
34.7523 130661
34.7535 129927
34.7547 127424
34.7559 125976
34.7571 124528
34.7583 123080
34.7595 121632
34.7607 120184
34.7619 118736
34.7631 117288
34.7643 115840
34.7655 114392
34.7667 112944
34.7679 111496
34.7691 110048
34.7703 108600
34.7715 107152
34.7727 105704
34.7739 104256
34.7751 102808
34.7763 101360
34.7775 99912
34.7787 98486
34.7799 98464
34.8448 98486
34.8448 99934
34.8448 102830
34.9289 104278
35.0154 105726
35.1019 107174
35.1908 108622
35.2822 110070
35.3735 111518
35.4648 112966
35.5585 114414
35.6547 115862
35.7508 117310
35.8469 118758
35.9454 120206
36.0464 121654
36.1473 123102
36.2483 124550
36.3516 125998
36.4573 127446
36.5631 128894
36.6688 130342
36.777 131790
36.8875 133238
36.998 134686
37.1086 136134
37.2215 137582
37.3369 139030
37.4523 140478
37.5676 141926
37.6854 143374
37.8055 144822
37.9257 146270
38.0458 147718
38.1684 149166
38.2934 150614
38.4183 152062
38.5433 153510
38.6707 154958
38.8004 156406
38.9302 157854
39.06 159302
39.1922 160750
39.3267 162198
39.4613 163646
39.5959 165094
39.7329 166542
39.8723 167990
40.0117 169438
40.151 170886
40.2928 172334
40.437 173782
40.5812 175230
40.7254 176678
40.872 178126
41.021 179574
41.17 181022
41.319 182470
41.4704 183918
41.6242 185366
41.778 186814
41.9318 188262
42.088 189710
42.2466 191158
42.4052 192606
42.5639 194054
42.7249 195502
42.8883 196950
43.0541 195480
43.0553 194032
43.0565 193277
43.0577 192543
43.0589 191808
43.0601 191074
43.0613 190340
43.0625 189605
43.0637 188871
43.0649 188136
43.0661 187402
43.0673 186668
43.0685 185933
43.0697 185199
43.0709 184464
43.0721 183730
43.0733 182995
43.0745 182261
43.0757 181527
43.0769 180792
43.0782 180058
43.0794 179323
43.0806 178589
43.0818 177855
43.083 177120
43.0842 176386
43.0854 175651
43.0866 174917
43.0878 174183
43.089 173448
43.0902 170864
43.0914 169416
43.0926 167968
43.0938 166520
43.095 165072
43.0962 163624
43.0974 162176
43.0986 160728
43.0998 159280
43.101 157832
43.1022 156384
43.1034 154936
43.1046 153488
43.1058 152040
43.107 150592
43.1082 149144
43.1094 147696
43.1106 146248
43.1118 144800
43.113 143352
43.1142 141904
43.1154 140456
43.1166 139008
43.1178 137560
43.119 136112
43.1202 134664
43.1214 133216
43.1226 131768
43.1238 130656
43.125 129922
43.1262 127424
43.1274 125976
43.1286 124528
43.1298 123080
43.131 121632
43.1322 120184
43.1334 118736
43.1346 117288
43.1358 115840
43.137 114392
43.1382 112944
43.1394 111496
43.1406 110048
43.1418 108600
43.143 107152
43.1442 105704
43.1454 104256
43.1466 102808
43.1478 101360
43.149 99912
43.1502 98475
43.1514 98464
43.2163 98475
43.2163 99923
43.2163 102819
43.3004 104267
43.387 105715
43.4735 107163
43.5624 108611
43.6537 110059
43.745 111507
43.8364 112955
43.9301 114403
44.0262 115851
44.1223 117299
44.2185 118747
44.317 120195
44.4179 121643
44.5189 123091
44.6198 124539
44.7231 125987
44.8289 127435
44.9346 128883
45.0404 130331
45.1485 131779
45.259 133227
45.3696 134675
45.4801 136123
45.5931 137571
45.7084 139019
45.8238 140467
45.9392 141915
46.0569 143363
46.1771 144811
46.2972 146259
46.4174 147707
46.54 149155
46.6649 150603
46.7899 152051
46.9149 153499
47.0422 154947
47.172 156395
47.3018 157843
47.4315 159291
47.5637 160739
47.6983 162187
47.8329 163635
47.9675 165083
48.1044 166531
48.2438 167979
48.3832 169427
48.5226 170875
48.6644 172323
48.8086 173771
48.9528 175219
49.097 176667
49.2436 178115
49.3926 179563
49.5416 181011
49.6905 182459
49.842 183907
49.9958 185355
50.1496 186803
50.3034 188251
50.4596 189699
50.6182 191147
50.7768 192595
50.9354 194043
51.0964 195491
51.2598 196939
51.4257 195480
51.4269 194032
51.4281 193277
51.4293 192543
51.4305 191808
51.4317 191074
51.4329 190339
51.4341 189605
51.4353 188870
51.4365 188136
51.4377 187401
51.4389 186667
51.4401 185933
51.4413 185198
51.4425 184464
51.4437 183729
51.4449 182995
51.4461 182260
51.4473 181526
51.4485 180791
51.4497 180057
51.4509 179322
51.4521 178588
51.4533 177854
51.4545 177119
51.4557 176385
51.4569 175650
51.4581 174916
51.4593 174181
51.4605 173447
51.4617 170864
51.4629 169416
51.4641 167968
51.4653 166520
51.4665 165072
51.4677 163624
51.4689 162176
51.4701 160728
51.4713 159280
51.4725 157832
51.4737 156384
51.4749 154936
51.4761 153488
51.4773 152040
51.4785 150592
51.4797 149144
51.4809 147696
51.4821 146248
51.4833 144800
51.4845 143352
51.4857 141904
51.4869 140456
51.4881 139008
51.4894 137560
51.4906 136112
51.4918 134664
51.493 133216
51.4942 131768
51.4954 130654
51.4966 129919
51.4978 127424
51.499 125976
51.5002 124528
51.5014 123080
51.5026 121632
51.5038 120184
51.505 118736
51.5062 117288
51.5074 115840
51.5086 114392
51.5098 112944
51.511 111496
51.5122 110048
51.5134 108600
51.5146 107152
51.5158 105704
51.517 104256
51.5182 102808
51.5194 101360
51.5206 99912
51.5218 98469
51.523 98464
51.5879 98469
51.5879 99917
51.5879 102813
51.672 104261
51.7585 105709
51.845 107157
51.9339 108605
52.0253 110053
52.1166 111501
52.2079 112949
52.3016 114397
52.3978 115845
52.4939 117293
52.59 118741
52.6885 120189
52.7895 121637
52.8904 123085
52.9913 124533
53.0947 125981
53.2004 127429
53.3062 128877
53.4119 130325
53.52 131773
53.6306 133221
53.7411 134669
53.8517 136117
53.9646 137565
54.08 139013
54.1953 140461
54.3107 141909
54.4285 143357
54.5486 144805
54.6688 146253
54.7889 147701
54.9115 149149
55.0365 150597
55.1614 152045
55.2864 153493
55.4138 154941
55.5435 156389
55.6733 157837
55.8031 159285
55.9353 160733
56.0698 162181
56.2044 163629
56.339 165077
56.476 166525
56.6154 167973
56.7548 169421
56.8941 170869
57.0359 172317
57.1801 173765
57.3243 175213
57.4685 176661
57.6151 178109
57.7641 179557
57.9131 181005
58.0621 182453
58.2135 183901
58.3673 185349
58.5211 186797
58.6749 188245
58.8311 189693
58.9897 191141
59.1483 192589
59.307 194037
59.468 195485
59.6314 196933
59.7972 195480
59.7984 194032
59.7996 193277
59.8008 192543
59.802 191808
59.8032 191074
59.8044 190339
59.8056 189605
59.8068 188870
59.808 188136
59.8092 187401
59.8104 186667
59.8116 185932
59.8128 185198
59.814 184463
59.8152 183729
59.8164 182994
59.8176 182260
59.8188 181525
59.82 180791
59.8212 180056
59.8224 179322
59.8236 178587
59.8249 177853
59.8261 177119
59.8273 176384
59.8285 175650
59.8297 174915
59.8309 174181
59.8321 173446
59.8333 170864
59.8345 169416
59.8357 167968
59.8369 166520
59.8381 165072
59.8393 163624
59.8405 162176
59.8417 160728
59.8429 159280
59.8441 157832
59.8453 156384
59.8465 154936
59.8477 153488
59.8489 152040
59.8501 150592
59.8513 149144
59.8525 147696
59.8537 146248
59.8549 144800
59.8561 143352
59.8573 141904
59.8585 140456
59.8597 139008
59.8609 137560
59.8621 136112
59.8633 134664
59.8645 133216
59.8657 131768
59.8669 130653
59.8681 129918
59.8693 127424
59.8705 125976
59.8717 124528
59.8729 123080
59.8741 121632
59.8753 120184
59.8765 118736
59.8777 117288
59.8789 115840
59.8801 114392
59.8813 112944
59.8825 111496
59.8837 110048
59.8849 108600
59.8861 107152
59.8873 105704
59.8885 104256
59.8897 102808
59.8909 101360
59.8921 99912
59.8933 98466
59.8945 98464
59.9594 98466
59.9594 99914
59.9594 102810
60.0435 104258
60.1301 105706
60.2166 107154
60.3055 108602
60.3968 110050
60.4881 111498
60.5794 112946
60.6732 114394
60.7693 115842
60.8654 117290
60.9616 118738
61.0601 120186
61.161 121634
61.262 123082
61.3629 124530
61.4662 125978
61.572 127426
61.6777 128874
61.7835 130322
61.8916 131770
62.0021 133218
62.1127 134666
62.2232 136114
62.3362 137562
62.4515 139010
62.5669 140458
62.6822 141906
62.8 143354
62.9202 144802
63.0403 146250
63.1605 147698
63.283 149146
63.408 150594
63.533 152042
63.6579 153490
63.7853 154938
63.9151 156386
64.0449 157834
64.1746 159282
64.3068 160730
64.4414 162178
64.576 163626
64.7105 165074
64.8475 166522
64.9869 167970
65.1263 169418
65.2657 170866
65.4075 172314
65.5517 173762
65.6959 175210
65.8401 176658
65.9866 178106
66.1356 179554
66.2846 181002
66.4336 182450
66.585 183898
66.7389 185346
66.8927 186794
67.0465 188242
67.2027 189690
67.3613 191138
67.5199 192586
67.6785 194034
67.8395 195482
68.0029 196930
68.1688 195480
68.17 194032
68.1712 193277
68.1724 192543
68.1736 191808
68.1748 191074
68.176 190339
68.1772 189605
68.1784 188870
68.1796 188136
68.1808 187401
68.182 186667
68.1832 185932
68.1844 185198
68.1856 184463
68.1868 183729
68.188 182994
68.1892 182260
68.1904 181525
68.1916 180791
68.1928 180056
68.194 179322
68.1952 178587
68.1964 177853
68.1976 177118
68.1988 176384
68.2 175649
68.2012 174915
68.2024 174180
68.2036 173446
68.2048 170864
68.206 169416
68.2072 167968
68.2084 166520
68.2096 165072
68.2108 163624
68.212 162176
68.2132 160728
68.2144 159280
68.2156 157832
68.2168 156384
68.218 154936
68.2192 153488
68.2204 152040
68.2216 150592
68.2228 149144
68.224 147696
68.2252 146248
68.2264 144800
68.2276 143352
68.2288 141904
68.23 140456
68.2312 139008
68.2324 137560
68.2336 136112
68.2348 134664
68.2361 133216
68.2373 131768
68.2385 130652
68.2397 129918
68.2409 127424
68.2421 125976
68.2433 124528
68.2445 123080
68.2457 121632
68.2469 120184
68.2481 118736
68.2493 117288
68.2505 115840
68.2517 114392
68.2529 112944
68.2541 111496
68.2553 110048
68.2565 108600
68.2577 107152
68.2589 105704
68.2601 104256
68.2613 102808
68.2625 101360
68.2637 99912
68.2649 98465
68.2661 98464
68.331 98465
68.331 99913
68.331 102809
68.4151 104257
68.5016 105705
68.5881 107153
68.677 108601
68.7684 110049
68.8597 111497
68.951 112945
69.0447 114393
69.1408 115841
69.237 117289
69.3331 118737
69.4316 120185
69.5326 121633
69.6335 123081
69.7344 124529
69.8378 125977
69.9435 127425
70.0493 128873
70.155 130321
70.2631 131769
70.3737 133217
70.4842 134665
70.5948 136113
70.7077 137561
70.8231 139009
70.9384 140457
71.0538 141905
71.1716 143353
71.2917 144801
71.4119 146249
71.532 147697
71.6546 149145
71.7796 150593
71.9045 152041
72.0295 153489
72.1569 154937
72.2866 156385
72.4164 157833
72.5462 159281
72.6784 160729
72.8129 162177
72.9475 163625
73.0821 165073
73.2191 166521
73.3585 167969
73.4979 169417
73.6372 170865
73.779 172313
73.9232 173761
74.0674 175209
74.2116 176657
74.3582 178105
74.5072 179553
74.6562 181001
74.8052 182449
74.9566 183897
75.1104 185345
75.2642 186793
75.418 188241
75.5742 189689
75.7328 191137
75.8914 192585
76.05 194033
76.2111 195481
76.3745 196929
76.5403 195480
76.5415 194032
76.5427 193277
76.5439 192543
76.5451 191808
76.5463 191074
76.5475 190339
76.5487 189605
76.5499 188870
76.5511 188136
76.5523 187401
76.5535 186667
76.5547 185932
76.5559 185198
76.5571 184463
76.5583 183729
76.5595 182994
76.5607 182260
76.5619 181525
76.5631 180791
76.5643 180056
76.5655 179322
76.5667 178587
76.5679 177853
76.5691 177118
76.5703 176384
76.5715 175649
76.5728 174915
76.574 174180
76.5752 173446
76.5764 170864
76.5776 169416
76.5788 167968
76.58 166520
76.5812 165072
76.5824 163624
76.5836 162176
76.5848 160728
76.586 159280
76.5872 157832
76.5884 156384
76.5896 154936
76.5908 153488
76.592 152040
76.5932 150592
76.5944 149144
76.5956 147696
76.5968 146248
76.598 144800
76.5992 143352
76.6004 141904
76.6016 140456
76.6028 139008
76.604 137560
76.6052 136112
76.6064 134664
76.6076 133216
76.6088 131768
76.61 130652
76.6112 129917
76.6124 127424
76.6136 125976
76.6148 124528
76.616 123080
76.6172 121632
76.6184 120184
76.6196 118736
76.6208 117288
76.622 115840
76.6232 114392
76.6244 112944
76.6256 111496
76.6268 110048
76.628 108600
76.6292 107152
76.6304 105704
76.6316 104256
76.6328 102808
76.634 101360
76.6352 99912
76.6364 98464
76.7025 99912
76.7025 102808
76.7866 104256
76.8731 105704
76.9597 107152
77.0486 108600
77.1399 110048
77.2312 111496
77.3225 112944
77.4163 114392
77.5124 115840
77.6085 117288
77.7047 118736
77.8032 120184
77.9041 121632
78.0051 123080
78.106 124528
78.2093 125976
78.3151 127424
78.4208 128872
78.5265 130320
78.6347 131768
78.7452 133216
78.8558 134664
78.9663 136112
79.0793 137560
79.1946 139008
79.31 140456
79.4253 141904
79.5431 143352
79.6633 144800
79.7834 146248
79.9036 147696
80.0261 149144
80.1511 150592
80.2761 152040
80.401 153488
80.5284 154936
80.6582 156384
80.788 157832
80.9177 159280
81.0499 160728
81.1845 162176
81.3191 163624
81.4536 165072
81.5906 166520
81.73 167968
81.8694 169416
82.0088 170864
82.1506 172312
82.2948 173760
82.439 175208
82.5831 176656
82.7297 178104
82.8787 179552
83.0277 181000
83.1767 182448
83.3281 183896
83.4819 185344
83.6357 186792
83.7896 188240
83.9458 189688
84.1044 191136
84.263 192584
84.4216 194032
84.5826 195480
84.746 196928
84.9119 195480
84.9131 194032
84.9143 193277
84.9155 192543
84.9167 191808
84.9179 191074
84.9191 190339
84.9203 189605
84.9215 188870
84.9227 188136
84.9239 187401
84.9251 186667
84.9263 185932
84.9275 185198
84.9287 184463
84.9299 183729
84.9311 182994
84.9323 182260
84.9335 181525
84.9347 180791
84.9359 180056
84.9371 179322
84.9383 178587
84.9395 177853
84.9407 177118
84.9419 176384
84.9431 175649
84.9443 174915
84.9455 174180
84.9467 173446
84.9479 170864
84.9491 169416
84.9503 167968
84.9515 166520
84.9527 165072
84.9539 163624
84.9551 162176
84.9563 160728
84.9575 159280
84.9587 157832
84.9599 156384
84.9611 154936
84.9623 153488
84.9635 152040
84.9647 150592
84.9659 149144
84.9671 147696
84.9683 146248
84.9695 144800
84.9707 143352
84.9719 141904
84.9731 140456
84.9743 139008
84.9755 137560
84.9767 136112
84.9779 134664
84.9791 133216
84.9803 131768
84.9815 130652
84.9827 129917
84.984 127424
84.9852 125976
84.9864 124528
84.9876 123080
84.9888 121632
84.99 120184
84.9912 118736
84.9924 117288
84.9936 115840
84.9948 114392
84.996 112944
84.9972 111496
84.9984 110048
84.9996 108600
85.0008 107152
85.002 105704
85.0032 104256
85.0044 102808
85.0056 101360
85.0068 99912
85.008 98464
85.0741 99912
85.0741 102808
85.1582 104256
85.2447 105704
85.3312 107152
85.4201 108600
85.5114 110048
85.6028 111496
85.6941 112944
85.7878 114392
85.8839 115840
85.9801 117288
86.0762 118736
86.1747 120184
86.2757 121632
86.3766 123080
86.4775 124528
86.5809 125976
86.6866 127424
86.7924 128872
86.8981 130320
87.0062 131768
87.1168 133216
87.2273 134664
87.3379 136112
87.4508 137560
87.5662 139008
87.6815 140456
87.7969 141904
87.9146 143352
88.0348 144800
88.155 146248
88.2751 147696
88.3977 149144
88.5227 150592
88.6476 152040
88.7726 153488
88.9 154936
89.0297 156384
89.1595 157832
89.2893 159280
89.4215 160728
89.556 162176
89.6906 163624
89.8252 165072
89.9622 166520
90.1016 167968
90.2409 169416
90.3803 170864
90.5221 172312
90.6663 173760
90.8105 175208
90.9547 176656
91.1013 178104
91.2503 179552
91.3993 181000
91.5483 182448
91.6997 183896
91.8535 185344
92.0073 186792
92.1611 188240
92.3173 189688
92.4759 191136
92.6345 192584
92.7931 194032
92.9542 195480
93.1176 196928
93.2834 195480
93.2846 194032
93.2858 193277
93.287 192543
93.2882 191808
93.2894 191074
93.2906 190339
93.2918 189605
93.293 188870
93.2942 188136
93.2954 187401
93.2966 186667
93.2978 185932
93.299 185198
93.3002 184463
93.3014 183729
93.3026 182994
93.3038 182260
93.305 181525
93.3062 180791
93.3074 180056
93.3086 179322
93.3098 178587
93.311 177853
93.3122 177118
93.3134 176384
93.3146 175649
93.3158 174915
93.317 174180
93.3182 173446
93.3195 170864
93.3207 169416
93.3219 167968
93.3231 166520
93.3243 165072
93.3255 163624
93.3267 162176
93.3279 160728
93.3291 159280
93.3303 157832
93.3315 156384
93.3327 154936
93.3339 153488
93.3351 152040
93.3363 150592
93.3375 149144
93.3387 147696
93.3399 146248
93.3411 144800
93.3423 143352
93.3435 141904
93.3447 140456
93.3459 139008
93.3471 137560
93.3483 136112
93.3495 134664
93.3507 133216
93.3519 131768
93.3531 130652
93.3543 129917
93.3555 127424
93.3567 125976
93.3579 124528
93.3591 123080
93.3603 121632
93.3615 120184
93.3627 118736
93.3639 117288
93.3651 115840
93.3663 114392
93.3675 112944
93.3687 111496
93.3699 110048
93.3711 108600
93.3723 107152
93.3735 105704
93.3747 104256
93.3759 102808
93.3771 101360
93.3783 99912
93.3795 98464
93.4456 99912
93.4456 102808
93.5297 104256
93.6162 105704
93.7028 107152
93.7917 108600
93.883 110048
93.9743 111496
94.0656 112944
94.1594 114392
94.2555 115840
94.3516 117288
94.4477 118736
94.5463 120184
94.6472 121632
94.7481 123080
94.8491 124528
94.9524 125976
95.0582 127424
95.1639 128872
95.2696 130320
95.3778 131768
95.4883 133216
95.5989 134664
95.7094 136112
95.8224 137560
95.9377 139008
96.0531 140456
96.1684 141904
96.2862 143352
96.4064 144800
96.5265 146248
96.6467 147696
96.7692 149144
96.8942 150592
97.0192 152040
97.1441 153488
97.2715 154936
97.4013 156384
97.5311 157832
97.6608 159280
97.793 160728
97.9276 162176
98.0622 163624
98.1967 165072
98.3337 166520
98.4731 167968
98.6125 169416
98.7519 170864
98.8937 172312
99.0379 173760
99.1821 175208
99.3262 176656
99.4728 178104
99.6218 179552
99.7708 181000
99.9198 182448
