0.140095 14480
0.181396 15928
0.183799 18824
0.186202 21720
0.188606 24616
0.191009 27512
0.222666 30408
0.225069 33304
0.227472 36200
0.229875 39096
0.232278 41992
0.234682 44888
0.237085 47784
0.239488 50680
0.241891 53576
0.263935 56472
0.266339 59368
0.268742 62264
0.271145 65160
0.273548 68056
0.275951 70952
0.278355 73848
0.280758 76744
0.283161 79640
0.285564 82536
0.287967 85432
0.290371 88328
0.292774 91224
0.295177 94120
0.29758 97016
0.299983 99912
0.302387 102808
0.30479 105704
0.307193 108600
0.309596 111496
0.311999 114392
0.314403 117288
0.316806 120184
0.319209 123080
0.321612 125976
0.324015 128872
0.326419 131768
0.328822 134664
0.331225 137560
0.333628 140456
0.336031 143352
0.338435 146248
0.340838 149144
0.343241 152040
0.345644 154936
0.348047 157832
0.350451 160728
0.352854 163624
0.355257 166520
0.35766 169416
0.360063 172312
0.362467 175208
0.36487 178104
0.367273 181000
0.369676 183896
0.372079 186792
0.374483 189688
0.376886 192584
0.379289 195480
0.381692 198376
0.384095 201272
0.386499 204168
0.388902 207064
0.391305 209960
0.393708 212856
0.396111 215752
0.398515 218648
0.400918 221544
0.403321 224440
0.405724 227336
0.408127 230232
0.410531 233128
0.412934 236024
0.436966 237472
0.460998 238920
0.48503 240368
0.509062 241816
0.533094 243264
0.547526 240368
0.548728 239466
0.549936 236118
0.551137 235667
0.552339 232319
0.553541 231868
0.554742 228520
0.555944 228069
0.557145 224722
0.558347 224270
0.559549 220923
0.56075 220471
0.561952 217124
0.563153 216672
0.564355 213325
0.565557 212874
0.566758 209526
0.56796 207064
0.569161 202720
0.570363 201272
0.571565 196928
0.572766 195480
0.573968 191136
0.575169 189688
0.576371 185344
0.577573 183896
0.578774 179552
0.579976 178104
0.581177 176656
0.582379 175208
0.583581 173760
0.584782 172312
0.585984 170864
0.587185 169416
0.602806 167968
0.626838 166520
0.65087 165072
0.674902 163624
0.698934 162176
0.709749 169416
0.833494 170864
0.864735 172312
0.929622 173760
0.96567 175208
1.00893 176656
1.05699 178104
1.10506 179552
1.14831 181000
1.18676 182448
1.22522 183896
1.26367 185344
1.30452 186792
1.34538 188240
1.38383 189688
1.43189 191136
1.47515 192584
1.5136 194032
1.56407 195480
1.60732 196928
1.65779 198376
1.70345 199824
1.75632 201272
1.77315 199824
1.77435 198921
1.77555 198469
1.77676 198017
1.77796 197565
1.77916 197113
1.78036 196661
1.78156 196210
1.78276 195758
1.78397 195306
1.78517 194854
1.78637 194402
1.78757 193950
1.78877 193498
1.78997 193047
1.79118 192595
1.79238 192143
1.79358 191691
1.79478 191239
1.79598 190787
1.79718 190335
1.79839 188240
1.79959 186792
1.80079 185344
1.80199 183896
1.80319 182448
1.80439 181000
1.80559 179552
1.8068 178104
1.808 176656
1.8092 175208
1.8104 173760
1.8116 172312
1.8128 170864
1.81401 169416
1.81521 167968
1.81641 166520
1.81761 165072
1.81881 163624
1.82001 162176
1.82122 160728
1.82242 159810
1.82363 156384
1.82483 154936
1.82603 153488
1.82723 152040
1.82843 150592
1.82963 149144
1.83083 147696
1.83204 146248
1.83324 144800
1.83444 143352
1.83564 141904
1.83684 140456
1.86929 139008
1.92216 137560
1.93538 140456
2.0363 141904
2.12041 143352
2.18529 144800
2.25258 146248
2.31266 147696
2.39437 149144
2.47127 150592
2.55058 152040
2.62508 153488
2.72361 154936
2.81734 156384
2.88222 157832
3.01199 159280
3.14417 160728
3.27635 162176
3.34604 163624
3.48062 165072
3.6176 166520
3.78342 167968
4.03095 169416
4.38422 170864
7.09984 172312
7.4507 173760
7.69823 175208
7.8953 176656
8.06352 178104
8.20771 179552
8.33749 181000
8.45524 182448
8.56579 183896
8.66672 185344
8.76045 186792
8.84937 188240
8.93348 189688
9.01278 191136
9.08969 192584
9.16178 194032
9.23148 195480
9.29877 196928
9.36365 198376
9.42614 199824
9.46459 198376
9.46579 197466
9.467 197011
9.4682 196556
9.4694 196101
9.4706 195646
9.4718 195191
9.473 194736
9.47421 194281
9.47541 193826
9.47661 193371
9.47781 192915
9.47901 192460
9.48021 192005
9.48142 191550
9.48262 191095
9.48382 190640
9.48502 190185
9.48622 189730
9.48742 189275
9.48863 188820
9.48983 186792
9.49103 185344
9.49223 183896
9.49343 182448
9.49463 181000
9.49583 179552
9.49704 178104
9.49824 176656
9.49944 175208
9.50064 173760
9.50184 172312
9.50304 170864
9.50425 169416
9.50545 167968
9.50665 166520
9.50785 165072
9.50905 163624
9.51025 162176
9.51146 160728
9.51266 159280
9.51386 158076
9.51506 156384
9.51626 154936
9.51746 153488
9.51867 152040
9.51987 150592
9.52107 149144
9.52227 147696
9.52347 146248
9.52467 144800
9.52587 143352
9.52708 141904
9.52828 140456
9.52949 139008
9.59198 137560
9.62682 139008
9.70611 140456
9.70851 141904
9.74216 143352
9.78301 144800
9.82146 146248
9.86232 147696
9.90317 149144
9.94643 150592
9.98728 152040
10.0305 153488
10.0762 154936
10.1219 156384
10.1675 157832
10.2156 159280
10.2637 160728
10.3141 162176
10.3646 163624
10.4175 165072
10.4703 166520
10.5256 167968
10.5809 169416
10.641 170864
10.701 172312
10.7635 173760
10.8284 175208
10.8957 176656
10.9654 178104
11.0375 179552
11.1144 181000
11.1937 182448
11.309 183896
11.4604 185344
11.5373 186792
11.6695 188240
11.7705 189688
11.9195 191136
12.0084 192584
12.167 194032
12.328 195480
12.4914 196928
12.6572 195480
12.6584 194578
12.6596 194127
12.6608 193676
12.6621 193225
12.6633 192773
12.6645 192322
12.6657 191871
12.6669 191420
12.6681 190969
12.6693 190517
12.6705 190066
12.6717 189615
12.6729 189164
12.6741 188713
12.6753 188261
12.6765 187810
12.6777 187359
12.6789 186908
12.6801 186457
12.6813 186006
12.6825 183896
12.6837 182448
12.6849 181000
12.6861 179552
12.6873 178104
12.6885 176656
12.6897 175208
12.6909 173760
12.6921 172312
12.6933 170864
12.6945 169416
12.6957 167968
12.6969 166520
12.6981 165072
12.6993 163624
12.7005 162176
12.7017 160728
12.7029 159280
12.7041 157832
12.7053 156384
12.7065 155037
12.7077 154586
12.7089 152040
12.7101 150592
12.7113 149144
12.7125 147696
12.7137 146248
12.7149 144800
12.7161 143352
12.7173 141904
12.7185 140456
12.7197 139008
12.7209 137560
12.8195 139008
12.8435 140456
12.9084 141904
12.9757 143352
13.0742 144800
13.1944 146248
13.2568 147696
13.3578 149144
13.4419 150592
13.5404 152040
13.6293 153488
13.7495 154936
13.8216 156384
13.9514 157832
14.0835 159280
14.2157 160728
14.3479 162176
14.5065 163624
14.754 165072
15.1073 166520
17.8229 167968
18.1738 169416
18.4213 170864
18.6184 172312
18.7842 173760
18.9308 175208
19.0606 176656
19.1783 178104
19.2889 179552
19.3874 181000
19.4835 182448
19.5724 183896
19.6566 185344
19.7359 186792
19.8128 188240
19.8849 189688
19.9546 191136
20.0218 192584
20.0867 194032
20.1492 195480
20.2093 196928
20.267 198376
20.3246 199824
20.3751 198376
20.3763 197466
20.3775 197011
20.3787 196556
20.3799 196101
20.3811 195646
20.3823 195191
20.3835 194736
20.3847 194281
20.3859 193826
20.3871 193371
20.3883 192915
20.3895 192460
20.3907 192005
20.3919 191550
20.3931 191095
20.3943 190640
20.3955 190185
20.3967 189730
20.398 189275
20.3992 188820
20.4004 186792
20.4016 185344
20.4028 183896
20.404 182448
20.4052 181000
20.4064 179552
20.4076 178104
20.4088 176656
20.41 175208
20.4112 173760
20.4124 172312
20.4136 170864
20.4148 169416
20.416 167968
20.4172 166520
20.4184 165072
20.4196 163624
20.4208 162176
20.422 160728
20.4232 159280
20.4244 158076
20.4256 156384
20.4268 154936
20.428 153488
20.4292 152040
20.4304 150592
20.4316 149144
20.4328 146248
20.434 144800
20.4352 143352
20.4364 141904
20.4376 140456
20.4388 139008
20.4905 137560
20.5373 139008
20.6046 140456
20.607 141904
20.6407 143352
20.6815 144800
20.72 146248
20.7608 147696
20.8017 149144
20.8449 150592
20.8858 152040
20.9291 153488
20.9747 154936
21.0204 156384
21.066 157832
21.1141 159280
21.1622 160728
21.2126 162176
21.2631 163624
21.316 165072
21.3688 166520
21.4241 167968
21.4794 169416
21.5395 170864
21.5995 172312
21.662 173760
21.7269 175208
21.7942 176656
21.8639 178104
21.9841 179552
22.0922 181000
22.1763 182448
22.2652 183896
22.359 185344
22.4383 186792
22.568 188240
22.6714 189688
22.818 191136
22.9069 192584
23.0679 194032
23.2289 195480
23.3899 196928
23.5558 195480
23.557 194578
23.5582 194127
23.5594 193676
23.5606 193225
23.5618 192773
23.563 192322
23.5642 191871
23.5654 191420
23.5666 190969
23.5678 190517
23.569 190066
23.5702 189615
23.5714 189164
23.5726 188713
23.5738 188261
23.575 187810
23.5762 187359
23.5774 186908
23.5786 186457
23.5798 186006
23.581 183896
23.5822 182448
23.5834 181000
23.5846 179552
23.5858 178104
23.587 176656
23.5882 175208
23.5894 173760
23.5906 172312
23.5918 170864
23.593 169416
23.5942 167968
23.5954 166520
23.5966 165072
23.5978 163624
23.599 162176
23.6002 160728
23.6014 159280
23.6026 157832
23.6038 156384
23.605 155037
23.6062 154586
23.6074 152040
23.6086 150592
23.6098 149144
23.611 147696
23.6122 146248
23.6134 144800
23.6146 143352
23.6158 141904
23.617 140456
23.6182 139008
23.6194 137560
23.718 139008
23.742 140456
23.8069 141904
23.8742 143352
23.9751 144800
24.0929 146248
24.1553 147696
24.2563 149144
24.3404 150592
24.4389 152040
24.5302 153488
24.648 154936
24.7225 156384
24.8523 157832
24.982 159280
25.1142 160728
25.2488 162176
25.405 163624
25.6525 165072
26.0058 166520
28.7214 167968
29.0723 169416
29.3198 170864
29.5169 172312
29.6827 173760
29.8293 175208
29.9591 176656
30.0768 178104
30.1874 179552
30.2859 181000
30.382 182448
30.471 183896
30.5551 185344
30.6344 186792
30.7113 188240
30.7834 189688
30.8531 191136
30.9204 192584
30.9852 194032
31.0477 195480
31.1078 196928
31.1655 198376
31.2232 199824
31.2736 198376
31.2748 197466
31.276 197011
31.2772 196556
31.2784 196101
31.2796 195646
31.2808 195191
31.282 194736
31.2832 194281
31.2844 193826
31.2856 193371
31.2869 192915
31.2881 192460
31.2893 192005
31.2905 191550
31.2917 191095
31.2929 190640
31.2941 190185
31.2953 189730
31.2965 189275
31.2977 188820
31.2989 186792
31.3001 185344
31.3013 183896
31.3025 182448
31.3037 181000
31.3049 179552
31.3061 178104
31.3073 176656
31.3085 175208
31.3097 173760
31.3109 172312
31.3121 170864
31.3133 169416
31.3145 167968
31.3157 166520
31.3169 165072
31.3181 163624
31.3193 162176
31.3205 160728
31.3217 159280
31.3229 158076
31.3241 156384
31.3253 154936
31.3265 153488
31.3277 152040
31.3289 150592
31.3301 149144
31.3313 146248
31.3325 144800
31.3337 143352
31.3349 141904
31.3361 140456
31.3373 139008
31.389 137560
31.4359 139008
31.5031 140456
31.5055 141904
31.5392 143352
31.58 144800
31.6185 146248
31.6593 147696
31.7002 149144
31.7435 150592
31.7843 152040
31.8276 153488
31.8732 154936
31.9189 156384
31.9645 157832
32.0126 159280
32.0607 160728
32.1111 162176
32.1616 163624
32.2145 165072
32.2673 166520
32.3226 167968
32.3779 169416
32.438 170864
32.4981 172312
32.5605 173760
32.6254 175208
32.6927 176656
32.7624 178104
32.8826 179552
32.9907 181000
33.0748 182448
33.1637 183896
33.2575 185344
33.3368 186792
33.4665 188240
33.5699 189688
33.7165 191136
33.8078 192584
33.9664 194032
34.1274 195480
34.2908 196928
34.4567 195480
34.4579 194578
34.4591 194127
34.4603 193676
34.4615 193225
34.4627 192773
34.4639 192322
34.4651 191871
34.4663 191420
34.4675 190969
34.4687 190517
34.4699 190066
34.4711 189615
34.4723 189164
34.4735 188713
34.4747 188261
34.4759 187810
34.4771 187359
34.4783 186908
34.4795 186457
34.4807 186006
34.4819 183896
34.4831 182448
34.4843 181000
34.4855 179552
34.4867 178104
34.4879 176656
34.4891 175208
34.4903 173760
34.4915 172312
34.4927 170864
34.4939 169416
34.4951 167968
34.4963 166520
34.4975 165072
34.4987 163624
34.4999 162176
34.5011 160728
34.5023 159280
34.5035 157832
34.5047 156384
34.5059 155037
34.5071 154586
34.5083 152040
34.5095 150592
34.5107 149144
34.5119 147696
34.5131 146248
34.5143 144800
34.5155 143352
34.5168 141904
34.518 140456
34.5192 139008
34.5204 137560
34.6189 139008
34.6429 140456
34.7078 141904
34.7751 143352
34.8736 144800
34.9938 146248
35.0563 147696
35.1572 149144
35.2413 150592
35.3398 152040
35.4288 153488
35.5489 154936
35.621 156384
35.7508 157832
35.883 159280
36.0151 160728
36.1473 162176
36.3059 163624
36.5535 165072
36.9067 166520
39.6223 167968
39.9732 169416
40.2207 170864
40.4178 172312
40.5836 173760
40.7302 175208
40.86 176656
40.9777 178104
41.0883 179552
41.1868 181000
41.283 182448
41.3719 183896
41.456 185344
41.5353 186792
41.6122 188240
41.6843 189688
41.754 191136
41.8213 192584
41.8862 194032
41.9486 195480
42.0087 196928
42.0664 198376
42.1241 199824
42.1745 198376
42.1757 197466
42.177 197011
42.1782 196556
42.1794 196101
42.1806 195646
42.1818 195191
42.183 194736
42.1842 194281
42.1854 193826
42.1866 193371
42.1878 192915
42.189 192460
42.1902 192005
42.1914 191550
42.1926 191095
42.1938 190640
42.195 190185
42.1962 189730
42.1974 189275
42.1986 188820
42.1998 186792
42.201 185344
42.2022 183896
42.2034 182448
42.2046 181000
42.2058 179552
42.207 178104
42.2082 176656
42.2094 175208
42.2106 173760
42.2118 172312
42.213 170864
42.2142 169416
42.2154 167968
42.2166 166520
42.2178 165072
42.219 163624
42.2202 162176
42.2214 160728
42.2226 159280
42.2238 158076
42.225 156384
42.2262 154936
42.2274 153488
42.2286 152040
42.2298 150592
42.231 149144
42.2322 146248
42.2334 144800
42.2346 143352
42.2358 141904
42.237 140456
42.2382 139008
42.2899 137560
42.3368 139008
42.404 140456
42.4065 141904
42.4401 143352
42.4809 144800
42.5194 146248
42.5603 147696
42.6011 149144
42.6444 150592
42.6852 152040
42.7285 153488
42.7741 154936
42.8198 156384
42.8655 157832
42.9135 159280
42.9616 160728
43.0121 162176
43.0625 163624
43.1154 165072
43.1683 166520
43.2235 167968
43.2788 169416
43.3389 170864
43.399 172312
43.4615 173760
43.5263 175208
43.5936 176656
43.6633 178104
43.7835 179552
43.8916 181000
43.9757 182448
44.0647 183896
44.1584 185344
44.2377 186792
44.3675 188240
44.4708 189688
44.6174 191136
44.7063 192584
44.8673 194032
45.0283 195480
45.1894 196928
45.3552 195480
45.3564 194578
45.3576 194127
45.3588 193676
45.36 193225
45.3612 192773
45.3624 192322
45.3636 191871
45.3648 191420
45.366 190969
45.3672 190517
45.3684 190066
45.3696 189615
45.3708 189164
45.372 188713
45.3732 188261
45.3744 187810
45.3756 187359
45.3768 186908
45.378 186457
45.3792 186006
45.3804 183896
45.3816 182448
45.3828 181000
45.384 179552
45.3852 178104
45.3864 176656
45.3876 175208
45.3888 173760
45.39 172312
45.3912 170864
45.3924 169416
45.3936 167968
45.3948 166520
45.396 165072
45.3972 163624
45.3984 162176
45.3996 160728
45.4008 159280
45.402 157832
45.4032 156384
45.4044 155037
45.4057 154586
45.4069 152040
45.4081 150592
45.4093 149144
45.4105 147696
45.4117 146248
45.4129 144800
45.4141 143352
45.4153 141904
45.4165 140456
45.4177 139008
45.4189 137560
45.5174 139008
45.5414 140456
45.6063 141904
45.6736 143352
45.7745 144800
45.8923 146248
45.9548 147696
46.0557 149144
46.1398 150592
46.2384 152040
46.3297 153488
46.4474 154936
46.5219 156384
46.6517 157832
46.7815 159280
46.9137 160728
47.0482 162176
47.2044 163624
47.452 165072
47.8052 166520
50.5209 167968
50.8717 169416
51.1193 170864
51.3163 172312
51.4821 173760
51.6287 175208
51.7585 176656
51.8763 178104
51.9868 179552
52.0853 181000
52.1815 182448
52.2704 183896
52.3545 185344
52.4338 186792
52.5107 188240
52.5828 189688
52.6525 191136
52.7198 192584
52.7847 194032
52.8472 195480
52.9072 196928
52.9649 198376
53.0226 199824
53.0731 198376
53.0743 197466
53.0755 197011
53.0767 196556
53.0779 196101
53.0791 195646
53.0803 195191
53.0815 194736
53.0827 194281
53.0839 193826
53.0851 193371
53.0863 192915
53.0875 192460
53.0887 192005
53.0899 191550
53.0911 191095
53.0923 190640
53.0935 190185
53.0947 189730
53.0959 189275
53.0971 188820
53.0983 186792
53.0995 185344
53.1007 183896
53.1019 182448
53.1031 181000
53.1043 179552
53.1055 178104
53.1067 176656
53.1079 175208
53.1091 173760
53.1103 172312
53.1115 170864
53.1127 169416
53.1139 167968
53.1151 166520
53.1163 165072
53.1175 163624
53.1187 162176
53.1199 160728
53.1211 159280
53.1223 158076
53.1235 156384
53.1247 154936
53.1259 153488
53.1271 152040
53.1283 150592
53.1295 149144
53.1307 146248
53.1319 144800
53.1331 143352
53.1343 141904
53.1356 140456
53.1368 139008
53.1884 137560
53.2353 139008
53.3026 140456
53.305 141904
53.3386 143352
53.3795 144800
53.4179 146248
53.4588 147696
53.4996 149144
53.5429 150592
53.5837 152040
53.627 153488
53.6727 154936
53.7183 156384
53.764 157832
53.812 159280
53.8601 160728
53.9106 162176
53.961 163624
54.0139 165072
54.0668 166520
54.1221 167968
54.1773 169416
54.2374 170864
54.2975 172312
54.36 173760
54.4249 175208
54.4921 176656
54.5618 178104
54.682 179552
54.7901 181000
54.8743 182448
54.9632 183896
55.0569 185344
55.1362 186792
55.266 188240
55.3693 189688
55.5159 191136
55.6072 192584
55.7658 194032
55.9269 195480
56.0903 196928
56.2561 195480
56.2573 194578
56.2585 194127
56.2597 193676
56.2609 193225
56.2621 192773
56.2633 192322
56.2645 191871
56.2657 191420
56.2669 190969
56.2681 190517
56.2693 190066
56.2705 189615
56.2717 189164
56.2729 188713
56.2741 188261
56.2753 187810
56.2765 187359
56.2777 186908
56.2789 186457
56.2801 186006
56.2813 183896
56.2825 182448
56.2837 181000
56.2849 179552
56.2861 178104
56.2873 176656
56.2885 175208
56.2897 173760
56.2909 172312
56.2921 170864
56.2933 169416
56.2945 167968
56.2958 166520
56.297 165072
56.2982 163624
56.2994 162176
56.3006 160728
56.3018 159280
56.303 157832
56.3042 156384
56.3054 155037
56.3066 154586
56.3078 152040
56.309 150592
56.3102 149144
56.3114 147696
56.3126 146248
56.3138 144800
56.315 143352
56.3162 141904
56.3174 140456
56.3186 139008
56.3198 137560
56.4183 139008
56.4423 140456
56.5072 141904
56.5745 143352
56.673 144800
56.7932 146248
56.8557 147696
56.9566 149144
57.0407 150592
57.1393 152040
57.2282 153488
57.3483 154936
57.4204 156384
57.5502 157832
57.6824 159280
57.8146 160728
57.9467 162176
58.1054 163624
58.3529 165072
58.7062 166520
61.4218 167968
61.7726 169416
62.0202 170864
62.2172 172312
62.3831 173760
62.5296 175208
62.6594 176656
62.7772 178104
62.8877 179552
62.9863 181000
63.0824 182448
63.1713 183896
63.2554 185344
63.3347 186792
63.4116 188240
63.4837 189688
63.5534 191136
63.6207 192584
63.6856 194032
63.7481 195480
63.8081 196928
63.8658 198376
63.9235 199824
63.974 198376
63.9752 197466
63.9764 197011
63.9776 196556
63.9788 196101
63.98 195646
63.9812 195191
63.9824 194736
63.9836 194281
63.9848 193826
63.986 193371
63.9872 192915
63.9884 192460
63.9896 192005
63.9908 191550
63.992 191095
63.9932 190640
63.9944 190185
63.9956 189730
63.9968 189275
63.998 188820
63.9992 186792
64.0004 185344
64.0016 183896
64.0028 182448
64.004 181000
64.0052 179552
64.0064 178104
64.0076 176656
64.0088 175208
64.01 173760
64.0112 172312
64.0124 170864
64.0136 169416
64.0148 167968
64.016 166520
64.0172 165072
64.0184 163624
64.0196 162176
64.0208 160728
64.022 159280
64.0232 158076
64.0244 156384
64.0256 154936
64.0268 153488
64.028 152040
64.0293 150592
64.0305 149144
64.0317 146248
64.0329 144800
64.0341 143352
64.0353 141904
64.0365 140456
64.0377 139008
64.0893 137560
64.1362 139008
64.2035 140456
64.2059 141904
64.2395 143352
64.2804 144800
64.3188 146248
64.3597 147696
64.4005 149144
64.4438 150592
64.4846 152040
64.5279 153488
64.5736 154936
64.6192 156384
64.6649 157832
64.713 159280
64.761 160728
64.8115 162176
64.862 163624
64.9148 165072
64.9677 166520
65.023 167968
65.0782 169416
65.1383 170864
65.1984 172312
65.2609 173760
65.3258 175208
65.3931 176656
65.4628 178104
65.5829 179552
65.6911 181000
65.7752 182448
65.8641 183896
65.9578 185344
66.0371 186792
66.1669 188240
66.2702 189688
66.4168 191136
66.5057 192584
66.6668 194032
66.8278 195480
66.9888 196928
67.1546 195480
67.1558 194578
67.157 194127
67.1582 193676
67.1594 193225
67.1606 192773
67.1618 192322
67.163 191871
67.1642 191420
67.1654 190969
67.1666 190517
67.1678 190066
67.169 189615
67.1702 189164
67.1714 188713
67.1726 188261
67.1738 187810
67.175 187359
67.1762 186908
67.1774 186457
67.1786 186006
67.1798 183896
67.181 182448
67.1822 181000
67.1834 179552
67.1847 178104
67.1859 176656
67.1871 175208
67.1883 173760
67.1895 172312
67.1907 170864
67.1919 169416
67.1931 167968
67.1943 166520
67.1955 165072
67.1967 163624
67.1979 162176
67.1991 160728
67.2003 159280
67.2015 157832
67.2027 156384
67.2039 155037
67.2051 154586
67.2063 152040
67.2075 150592
67.2087 149144
67.2099 147696
67.2111 146248
67.2123 144800
67.2135 143352
67.2147 141904
67.2159 140456
67.2171 139008
67.2183 137560
67.3168 139008
67.3409 140456
67.4057 141904
67.473 143352
67.574 144800
67.6917 146248
67.7542 147696
67.8551 149144
67.9392 150592
68.0378 152040
68.1291 153488
68.2469 154936
68.3214 156384
68.4511 157832
68.5809 159280
68.7131 160728
68.8477 162176
69.0039 163624
69.2514 165072
69.6047 166520
72.3203 167968
72.6711 169416
72.9187 170864
73.1157 172312
73.2816 173760
73.4282 175208
73.5579 176656
73.6757 178104
73.7862 179552
73.8848 181000
73.9809 182448
74.0698 183896
74.1539 185344
74.2332 186792
74.3101 188240
74.3822 189688
74.4519 191136
74.5192 192584
74.5841 194032
74.6466 195480
74.7067 196928
74.7643 198376
74.822 199824
74.8725 198376
74.8737 197466
74.8749 197011
74.8761 196556
74.8773 196101
74.8785 195646
74.8797 195191
74.8809 194736
74.8821 194281
74.8833 193826
74.8845 193371
74.8857 192915
74.8869 192460
74.8881 192005
74.8893 191550
74.8905 191095
74.8917 190640
74.8929 190185
74.8941 189730
74.8953 189275
74.8965 188820
74.8977 186792
74.8989 185344
74.9001 183896
74.9013 182448
74.9025 181000
74.9037 179552
74.9049 178104
74.9061 176656
74.9073 175208
74.9085 173760
74.9097 172312
74.9109 170864
74.9121 169416
74.9133 167968
74.9145 166520
74.9157 165072
74.9169 163624
74.9181 162176
74.9193 160728
74.9206 159280
74.9218 158076
74.923 156384
74.9242 154936
74.9254 153488
74.9266 152040
74.9278 150592
74.929 149144
74.9302 146248
74.9314 144800
74.9326 143352
74.9338 141904
74.935 140456
74.9362 139008
74.9879 137560
75.0347 139008
75.102 140456
75.1044 141904
75.138 143352
75.1789 144800
75.2173 146248
75.2582 147696
75.299 149144
75.3423 150592
75.3832 152040
75.4264 153488
75.4721 154936
75.5177 156384
75.5634 157832
75.6115 159280
75.6595 160728
75.71 162176
75.7605 163624
75.8133 165072
75.8662 166520
75.9215 167968
75.9768 169416
76.0368 170864
76.0969 172312
76.1594 173760
76.2243 175208
76.2916 176656
76.3613 178104
76.4814 179552
76.5896 181000
76.6737 182448
76.7626 183896
76.8563 185344
76.9356 186792
77.0654 188240
77.1687 189688
77.3153 191136
77.4067 192584
77.5653 194032
77.7263 195480
77.8897 196928
78.0555 195480
78.0567 194578
78.0579 194127
78.0591 193676
78.0603 193225
78.0615 192773
78.0627 192322
78.0639 191871
78.0651 191420
78.0663 190969
78.0675 190517
78.0687 190066
78.0699 189615
78.0711 189164
78.0723 188713
78.0735 188261
78.0748 187810
78.076 187359
78.0772 186908
78.0784 186457
78.0796 186006
78.0808 183896
78.082 182448
78.0832 181000
78.0844 179552
78.0856 178104
78.0868 176656
78.088 175208
78.0892 173760
78.0904 172312
78.0916 170864
78.0928 169416
78.094 167968
78.0952 166520
78.0964 165072
78.0976 163624
78.0988 162176
78.1 160728
78.1012 159280
78.1024 157832
78.1036 156384
78.1048 155037
78.106 154586
78.1072 152040
78.1084 150592
78.1096 149144
78.1108 147696
78.112 146248
78.1132 144800
78.1144 143352
78.1156 141904
78.1168 140456
78.118 139008
78.1192 137560
78.2177 139008
78.2418 140456
78.3067 141904
78.3739 143352
78.4725 144800
78.5926 146248
78.6551 147696
78.7561 149144
78.8402 150592
78.9387 152040
79.0276 153488
79.1478 154936
79.2199 156384
79.3496 157832
79.4818 159280
79.614 160728
79.7462 162176
79.9048 163624
80.1523 165072
80.5056 166520
83.2212 167968
83.5721 169416
83.8196 170864
84.0167 172312
84.1825 173760
84.3291 175208
84.4588 176656
84.5766 178104
84.6871 179552
84.7857 181000
84.8818 182448
84.9707 183896
85.0548 185344
85.1341 186792
85.211 188240
85.2831 189688
85.3528 191136
85.4201 192584
85.485 194032
85.5475 195480
85.6076 196928
85.6653 198376
85.7229 199824
85.7734 198376
85.7746 197466
85.7758 197011
85.777 196556
85.7782 196101
85.7794 195646
85.7806 195191
85.7818 194736
85.783 194281
85.7842 193826
85.7854 193371
85.7866 192915
85.7878 192460
85.789 192005
85.7902 191550
85.7914 191095
85.7926 190640
85.7938 190185
85.795 189730
85.7962 189275
85.7974 188820
85.7986 186792
85.7998 185344
85.801 183896
85.8022 182448
85.8034 181000
85.8046 179552
85.8058 178104
85.807 176656
85.8082 175208
85.8095 173760
85.8107 172312
85.8119 170864
85.8131 169416
85.8143 167968
85.8155 166520
85.8167 165072
85.8179 163624
85.8191 162176
85.8203 160728
85.8215 159280
85.8227 158076
85.8239 156384
85.8251 154936
85.8263 153488
85.8275 152040
85.8287 150592
85.8299 149144
85.8311 146248
85.8323 144800
85.8335 143352
85.8347 141904
85.8359 140456
85.8371 139008
85.8888 137560
85.9356 139008
86.0029 140456
86.0053 141904
86.0389 143352
86.0798 144800
86.1183 146248
86.1591 147696
86.2 149144
86.2432 150592
86.2841 152040
86.3273 153488
86.373 154936
86.4187 156384
86.4643 157832
86.5124 159280
86.5604 160728
86.6109 162176
86.6614 163624
86.7142 165072
86.7671 166520
86.8224 167968
86.8777 169416
86.9377 170864
86.9978 172312
87.0603 173760
87.1252 175208
87.1925 176656
87.2622 178104
87.3823 179552
87.4905 181000
87.5746 182448
87.6635 183896
87.7572 185344
87.8365 186792
87.9663 188240
88.0697 189688
88.2162 191136
88.3052 192584
88.4662 194032
88.6272 195480
88.7882 196928
88.954 195480
88.9552 194578
88.9564 194127
88.9576 193676
88.9588 193225
88.96 192773
88.9612 192322
88.9624 191871
88.9637 191420
88.9649 190969
88.9661 190517
88.9673 190066
88.9685 189615
88.9697 189164
88.9709 188713
88.9721 188261
88.9733 187810
88.9745 187359
88.9757 186908
88.9769 186457
88.9781 186006
88.9793 183896
88.9805 182448
88.9817 181000
88.9829 179552
88.9841 178104
88.9853 176656
88.9865 175208
88.9877 173760
88.9889 172312
88.9901 170864
88.9913 169416
88.9925 167968
88.9937 166520
88.9949 165072
88.9961 163624
88.9973 162176
88.9985 160728
88.9997 159280
89.0009 157832
89.0021 156384
89.0033 155037
89.0045 154586
89.0057 152040
89.0069 150592
89.0081 149144
89.0093 147696
89.0105 146248
89.0117 144800
89.0129 143352
89.0141 141904
89.0153 140456
89.0165 139008
89.0177 137560
89.1162 139008
89.1403 140456
89.2052 141904
89.2725 143352
89.3734 144800
89.4911 146248
89.5536 147696
89.6546 149144
89.7387 150592
89.8372 152040
89.9285 153488
90.0463 154936
90.1208 156384
90.2506 157832
90.3803 159280
90.5125 160728
90.6471 162176
90.8033 163624
91.0508 165072
91.4041 166520
94.1197 167968
94.4706 169416
94.7181 170864
94.9152 172312
95.081 173760
95.2276 175208
95.3574 176656
95.4751 178104
95.5857 179552
95.6842 181000
95.7803 182448
95.8692 183896
95.9534 185344
96.0327 186792
96.1096 188240
96.1817 189688
96.2513 191136
96.3186 192584
96.3835 194032
96.446 195480
96.5061 196928
96.5638 198376
96.6214 199824
96.6719 198376
96.6731 197466
96.6743 197011
96.6755 196556
96.6767 196101
96.6779 195646
96.6791 195191
96.6803 194736
96.6815 194281
96.6827 193826
96.6839 193371
96.6851 192915
96.6863 192460
96.6875 192005
96.6887 191550
96.6899 191095
96.6911 190640
96.6923 190185
96.6935 189730
96.6947 189275
96.6959 188820
96.6971 186792
96.6983 185344
96.6996 183896
96.7008 182448
96.702 181000
96.7032 179552
96.7044 178104
96.7056 176656
96.7068 175208
96.708 173760
96.7092 172312
96.7104 170864
96.7116 169416
96.7128 167968
96.714 166520
96.7152 165072
96.7164 163624
96.7176 162176
96.7188 160728
96.72 159280
96.7212 158076
96.7224 156384
96.7236 154936
96.7248 153488
96.726 152040
96.7272 150592
96.7284 149144
96.7296 146248
96.7308 144800
96.732 143352
96.7332 141904
96.7344 140456
96.7356 139008
96.7873 137560
96.8341 139008
96.9014 140456
96.9038 141904
96.9375 143352
96.9783 144800
97.0168 146248
97.0576 147696
97.0985 149144
97.1417 150592
97.1826 152040
97.2258 153488
97.2715 154936
97.3172 156384
97.3628 157832
97.4109 159280
97.459 160728
97.5094 162176
97.5599 163624
97.6128 165072
97.6656 166520
97.7209 167968
97.7762 169416
97.8363 170864
97.8963 172312
97.9588 173760
98.0237 175208
98.091 176656
98.1607 178104
98.2809 179552
98.389 181000
98.4731 182448
98.562 183896
98.6557 185344
98.7351 186792
98.8648 188240
98.9682 189688
99.1148 191136
99.2061 192584
99.3647 194032
99.5257 195480
99.6891 196928
99.855 195480
99.8562 194578
99.8574 194127
99.8586 193676
99.8598 193225
99.861 192773
99.8622 192322
99.8634 191871
99.8646 191420
99.8658 190969
99.867 190517
99.8682 190066
99.8694 189615
99.8706 189164
99.8718 188713
99.873 188261
99.8742 187810
99.8754 187359
99.8766 186908
99.8778 186457
99.879 186006
99.8802 183896
99.8814 182448
99.8826 181000
99.8838 179552
99.885 178104
99.8862 176656
99.8874 175208
99.8886 173760
99.8898 172312
99.891 170864
99.8922 169416
99.8934 167968
99.8946 166520
99.8958 165072
99.897 163624
99.8982 162176
99.8994 160728
99.9006 159280
99.9018 157832
99.903 156384
99.9042 155037
99.9054 154586
99.9066 152040
99.9078 150592
99.909 149144
99.9102 147696
99.9114 146248
99.9126 144800
99.9138 143352
99.915 141904
99.9162 140456
99.9174 139008
99.9186 137560
